0,43.77000000000001
1,4.660000000000002
2,86.955
3,67.3
4,79.325
5,37.03499999999999
6,93.60499999999999
7,19.25
8,35.900000000000006
9,30.885
10,45.53999999999999
11,83.50499999999997
12,81.045
13,48.115
14,137.535
15,30.124999999999996
16,64.0
17,52.63499999999999
18,30.51499999999999
19,39.36999999999999
20,-95.095
21,77.21500000000003
22,102.63999999999999
23,92.50500000000001
24,27.72500000000001
25,-5.224999999999996
26,21.74
27,26.025000000000002
28,33.45999999999999
29,29.244999999999994
30,100.49500000000002
31,121.18499999999996
32,82.91999999999997
33,104.60499999999996
34,70.64999999999999
35,96.12
36,46.030000000000015
37,21.159999999999993
38,90.36499999999997
39,25.139999999999997
40,79.36
41,32.605000000000004
42,-97.72000000000001
43,55.269999999999996
44,12.275
45,75.34
46,83.30499999999999
47,196.86500000000004
48,36.29500000000001
49,99.105
50,11.615000000000007
51,150.08499999999998
52,130.95
53,78.57000000000001
54,62.67
55,87.7
56,105.375
57,33.190000000000005
58,62.530000000000015
59,155.30499999999998
60,40.569999999999965
61,50.434999999999995
62,63.06
63,97.79499999999999
64,110.075
65,50.95
66,102.44999999999999
67,243.82499999999993
68,-147.245
69,139.92999999999998
70,136.87
71,108.24000000000001
72,-26.575000000000014
73,200.24999999999997
74,119.36000000000001
75,44.93000000000001
76,146.56499999999997
77,91.87499999999996
78,-22.58
79,55.405
80,-40.929999999999986
81,193.02999999999997
82,203.75500000000005
83,47.62
84,48.90999999999998
85,161.56500000000003
86,25.029999999999994
87,29.369999999999976
88,102.81500000000001
89,174.33999999999997
90,23.37000000000003
91,-139.8
92,71.275
93,104.37999999999997
94,168.66000000000003
95,167.98499999999999
96,79.11999999999999
97,-43.429999999999986
98,-92.87000000000002
99,97.70000000000002
100,4.10499999999999
101,-110.64999999999999
102,48.645
103,116.41
104,142.55499999999995
105,141.28
106,295.7100000000001
107,-30.53500000000004
108,-71.005
109,139.44000000000003
110,-73.655
111,73.30000000000001
112,156.92000000000004
113,9.909999999999995
114,161.045
115,170.87000000000006
116,57.345
117,122.03500000000001
118,112.555
119,84.075
120,-1.0349999999999815
121,-279.285
122,145.64
123,158.69999999999996
124,188.71500000000003
125,123.06500000000003
126,-502.9
127,93.71000000000004
128,152.135
129,-174.30499999999998
130,91.49
131,165.06500000000003
132,53.029999999999994
133,37.5
134,184.36
135,-314.465
136,96.03999999999996
137,119.775
138,95.24500000000002
139,-213.47500000000008
140,121.23500000000001
141,58.665
142,-88.60999999999999
143,-160.265
144,-389.21999999999986
145,-196.46500000000003
146,173.29000000000002
147,-155.71
148,-113.83500000000002
149,44.540000000000006
150,-506.40500000000003
151,-63.65000000000001
152,70.45
153,-187.1199999999999
154,169.48999999999995
155,-24.315000000000026
156,-349.83500000000004
157,123.07000000000002
158,111.31500000000003
159,94.88999999999996
160,160.32500000000002
161,-254.52999999999994
162,105.065
163,105.665
164,134.235
165,176.09499999999994
166,181.72999999999996
167,192.31500000000003
168,-182.95999999999995
169,140.23499999999996
170,90.28
171,-121.25999999999999
172,-340.6450000000001
173,-210.51
174,46.074999999999996
175,68.265
176,71.70000000000002
177,160.0999999999999
178,93.43
179,91.99
180,-64.135
181,-151.275
182,-277.30499999999995
183,78.7
184,16.119999999999994
185,-149.04000000000005
186,222.6150000000001
187,110.00999999999999
188,-305.55500000000006
189,130.89
190,-202.55499999999998
191,22.55000000000001
192,107.04
193,43.89000000000001
194,214.57999999999998
195,258.1549999999999
196,144.03500000000003
197,75.59499999999998
198,110.57499999999999
199,107.73500000000003
200,197.28499999999997
201,116.21999999999996
202,-372.74499999999995
203,152.42999999999998
204,227.54499999999996
205,-326.26500000000016
206,119.83499999999998
207,73.18
208,158.01500000000001
209,-57.23500000000002
210,-170.96000000000006
211,87.38500000000002
212,44.99000000000001
213,76.21000000000005
214,84.38999999999999
215,108.215
216,44.635000000000005
217,220.74000000000004
218,63.075
219,-52.48499999999999
220,-494.245
221,135.45000000000002
222,-256.81500000000005
223,114.06000000000002
224,174.06
225,123.41499999999998
226,189.41500000000005
227,153.00499999999997
228,-191.99499999999998
229,91.48
230,69.195
231,160.62499999999997
232,102.78499999999998
233,11.685000000000006
234,71.13499999999999
235,74.05000000000003
236,-63.839999999999954
237,107.86999999999996
238,74.18
239,130.915
240,104.41499999999998
241,-683.2350000000002
242,-216.63499999999996
243,-135.945
244,72.55
245,-446.565
246,142.02500000000003
247,94.82499999999999
248,94.03499999999997
249,147.635
250,33.97
251,-372.795
252,-222.52500000000006
253,-452.91
254,-483.905
255,-115.34000000000002
256,24.029999999999994
257,219.21499999999997
258,67.155
259,92.39000000000004
260,62.72
261,101.715
262,82.25500000000002
263,-392.5349999999999
264,-476.0100000000001
265,-318.10999999999984
266,50.51999999999998
267,8.649999999999968
268,38.46000000000001
269,-135.665
270,136.73000000000002
271,86.95
272,13.140000000000004
273,-38.620000000000005
274,55.6
275,-64.20999999999998
276,53.53999999999998
277,-402.5800000000001
278,24.645000000000014
279,-92.54999999999995
280,-168.8
281,56.870000000000005
282,-29.409999999999986
283,-292.89
284,31.475000000000005
285,101.88500000000005
286,25.764999999999976
287,74.46
288,-133.42499999999998
289,206.99499999999998
290,88.07499999999999
291,-233.495
292,-71.76500000000001
293,97.415
294,-39.46000000000001
295,46.86000000000002
296,26.609999999999992
297,-182.63500000000002
298,69.33000000000003
299,163.765
300,128.495
301,95.33999999999999
302,98.18000000000004
303,95.99499999999999
304,79.78500000000001
305,16.869999999999994
306,-68.89000000000004
307,59.18500000000001
308,30.52
309,-167.58999999999995
310,-184.27
311,106.53500000000001
312,33.54
313,49.720000000000006
314,69.805
315,65.51
316,-134.92000000000002
317,61.169999999999995
318,150.47000000000003
319,61.15000000000001
320,99.09
321,69.39999999999999
322,45.35499999999999
323,49.52
324,72.5
325,-58.295
326,65.81499999999998
327,15.275000000000023
328,-166.89999999999998
329,-298.2
330,-157.88000000000002
331,49.19000000000001
332,43.99000000000001
333,63.61500000000001
334,99.45499999999996
335,72.44999999999997
336,34.985
337,32.31
338,75.73999999999998
339,35.97499999999999
340,78.32500000000005
341,76.72999999999999
342,55.19000000000002
343,38.654999999999994
344,106.78500000000001
345,110.795
346,64.58999999999996
347,4.270000000000012
348,-245.66500000000002
349,39.705
350,-283.53999999999996
351,87.47999999999996
352,44.075
353,62.58000000000002
354,-29.744999999999997
355,38.050000000000026
356,-307.5100000000001
357,34.28
358,45.48499999999999
359,62.32499999999999
360,20.335000000000004
361,50.23499999999999
362,31.950000000000003
363,34.010000000000005
364,79.13000000000014
365,26.739999999999995
366,-303.035
367,-23.09
368,46.12000000000001
369,25.269999999999992
370,12.405
371,26.09500000000001
372,28.119999999999997
373,38.75500000000001
374,52.65500000000001
375,50.555
376,56.66000000000002
377,44.15999999999999
378,38.75500000000001
379,-382.46
380,83.76500000000001
381,24.929999999999996
382,121.63999999999997
383,40.800000000000004
384,32.509999999999984
385,18.574999999999996
386,38.13
387,35.44
388,-398.5949999999999
389,-69.14000000000001
390,-149.315
391,-209.11999999999998
392,-124.93
393,-194.19500000000002
394,130.15999999999997
395,37.42
396,-258.46500000000003
397,37.605000000000004
398,52.255
399,-163.95500000000004
400,62.83000000000001
401,33.83999999999998
402,52.91999999999997
403,33.38499999999999
404,-153.87
405,22.74
406,20.490000000000006
407,59.3
408,8.999999999999995
409,9.975000000000001
410,27.185000000000002
411,36.32
412,81.51500000000001
413,30.985
414,45.930000000000014
415,53.980000000000004
416,-797.5900000000003
417,16.485000000000003
418,23.119999999999997
419,-206.655
420,-374.46000000000004
421,50.955
422,66.04500000000003
423,64.865
424,20.264999999999997
425,14.459999999999999
426,72.30500000000005
427,58.78
428,-440.0099999999999
429,37.75499999999996
430,37.63
431,32.74999999999999
432,161.61500000000004
433,29.390000000000015
434,18.974999999999998
435,24.92
436,-32.720000000000006
437,73.11
438,51.14999999999998
439,27.354999999999983
440,-78.89
441,28.589999999999996
442,-250.865
443,115.13000000000001
444,10.294999999999998
445,-208.51500000000001
446,20.529999999999998
447,-83.96500000000005
448,17.775
449,58.08000000000003
450,29.745000000000005
451,12.98
452,45.325
453,20.9
454,-233.91000000000003
455,24.205000000000002
456,38.30999999999998
457,26.539999999999992
458,27.150000000000002
459,26.825000000000003
460,50.53999999999999
461,9.775
462,-368.1449999999997
463,11.094999999999999
464,9.434999999999997
465,-195.04999999999995
466,89.92999999999999
467,22.509999999999998
468,51.06499999999998
469,21.879999999999985
470,15.879999999999994
471,16.85500000000001
472,41.93500000000001
473,58.794999999999995
474,29.015
475,-250.565
476,37.580000000000005
477,73.88000000000007
478,56.86500000000001
479,-285.0950000000001
480,-51.31999999999999
481,21.85
482,35.300000000000004
483,23.915000000000003
484,19.690000000000005
485,64.51499999999999
486,34.64000000000001
487,16.405
488,-52.72500000000001
489,33.96999999999999
490,22.840000000000003
491,27.044999999999995
492,37.294999999999995
493,29.694999999999997
494,20.360000000000003
495,31.225
496,-173.06500000000003
497,23.19499999999999
498,48.41999999999999
499,28.59499999999998
500,92.47500000000002
501,13.055000000000003
502,33.12499999999999
503,9.894999999999994
504,-314.015
505,26.1
506,53.41000000000001
507,8.09
508,19.870000000000008
509,4.599999999999994
510,0.3249999999999869
511,-15.129999999999983
512,6.070000000000002
513,4.080000000000002
514,16.905
515,27.96500000000003
516,46.17
517,26.549999999999997
518,-143.185
519,19.64
520,42.355000000000004
521,-3.0000000000000018
522,-38.460000000000036
523,-7.780000000000025
524,47.99500000000001
525,-236.81499999999994
526,6.555
527,-19.77500000000002
528,7.679999999999996
529,96.40499999999994
530,3.0249999999999986
531,-2.4350000000000036
532,14.585000000000006
533,33.085
534,15.990000000000013
535,12.439999999999994
536,-2.1549999999999985
537,29.625000000000007
538,16.90499999999999
539,-19.245000000000015
540,7.704999999999997
541,-12.510000000000012
542,9.524999999999991
543,-9.600000000000021
544,-402.3099999999997
545,20.445000000000004
546,13.450000000000003
547,40.61
548,-99.47999999999999
549,-288.80499999999995
550,50.389999999999986
551,-0.8
552,27.27999999999998
553,-1.1199999999999986
554,19.455
555,14.569999999999999
556,10.040000000000004
557,23.214999999999986
558,1.5150000000000023
559,-367.49999999999994
560,25.23
561,5.069999999999997
562,9.285
563,2.77
564,5.650000000000003
565,33.82
566,-9.239999999999995
567,16.334999999999994
568,-429.37499999999994
569,-0.7900000000000004
570,-0.9649999999999994
571,0.7850000000000009
572,18.945000000000004
573,21.015000000000004
574,4.365000000000002
575,22.609999999999985
576,9.41
577,-215.92000000000002
578,-24.000000000000007
579,-4.405000000000003
580,-162.77999999999997
581,-30.53999999999998
582,11.465000000000002
583,-98.16
584,5.709999999999995
585,31.425000000000008
586,-0.4649999999999954
587,-6.724999999999995
588,-200.96
589,13.705000000000002
590,-1.2249999999999996
591,-1.6799999999999966
592,4.895000000000002
593,14.189999999999998
594,14.129999999999992
595,34.99000000000001
596,9.905000000000003
597,20.579999999999988
598,34.22499999999999
599,6.560000000000001
