0,20.850000000000005
1,77.05000000000001
2,11.005
3,159.26000000000002
4,3.0850000000000004
5,13.500000000000002
6,26.965000000000007
7,76.74500000000003
8,28.149999999999995
9,59.88999999999999
10,49.03
11,8.665000000000001
12,140.14
13,45.074999999999996
14,10.929999999999993
15,78.58500000000001
16,153.22499999999997
17,47.49
18,45.84499999999999
19,124.51500000000006
20,8.864999999999998
21,24.520000000000003
22,79.45999999999998
23,32.30499999999999
24,46.22500000000002
25,17.064999999999998
26,122.43499999999999
27,100.555
28,35.075
29,45.11000000000002
30,138.01
31,41.834999999999994
32,32.16
33,52.91500000000002
34,96.13000000000001
35,46.755
36,-67.14999999999999
37,3.470000000000005
38,93.51000000000003
39,81.63000000000002
40,69.34999999999998
41,22.485000000000003
42,21.879999999999992
43,-7.760000000000001
44,82.55999999999999
45,32.589999999999996
46,115.275
47,70.30999999999999
48,86.43999999999997
49,62.47500000000001
50,89.11999999999995
51,152.05499999999998
52,-1.7699999999999947
53,117.63
54,102.07500000000003
55,53.66499999999999
56,66.335
57,68.07000000000001
58,111.58000000000001
59,91.64499999999998
60,171.9
61,86.23500000000003
62,-213.9
63,-28.12
64,57.80000000000001
65,-73.01
66,217.33
67,79.22999999999999
68,82.53999999999999
69,-101.34
70,120.705
71,70.435
72,70.15000000000002
73,102.52000000000002
74,127.76499999999997
75,-114.75
76,212.00999999999996
77,83.06999999999998
78,107.79499999999999
79,-230.48499999999999
80,3.384999999999989
81,-228.13999999999996
82,94.26500000000004
83,38.304999999999964
84,-10.96500000000004
85,147.79000000000002
86,131.97500000000002
87,68.56999999999998
88,58.72499999999997
89,117.785
90,121.75500000000001
91,142.57499999999996
92,122.99000000000001
93,-244.2199999999999
94,-185.86
95,53.75000000000001
96,148.67000000000002
97,199.27499999999995
98,-151.905
99,-531.6899999999999
100,141.865
101,62.095000000000006
102,215.71499999999995
103,76.15999999999998
104,128.935
105,-432.1350000000001
106,171.07500000000005
107,-299.84499999999997
108,66.82499999999999
109,67.0
110,147.77499999999995
111,77.47999999999998
112,39.085
113,-639.9599999999999
114,-456.65000000000003
115,-129.79000000000002
116,-253.41499999999996
117,49.04
118,-159.35
119,-336.305
120,-464.68
121,-116.19
122,165.45500000000004
123,75.61
124,-34.135000000000005
125,-189.59
126,198.1
127,-121.77999999999997
128,-105.11999999999999
129,-579.4099999999999
130,66.60499999999998
131,14.750000000000004
132,-161.04
133,-418.04999999999995
134,-19.32500000000003
135,0.6000000000000076
136,-443.5799999999999
137,53.50999999999997
138,-27.099999999999984
139,-274.14
140,31.914999999999992
141,-129.83999999999997
142,164.51
143,-241.56999999999994
144,113.80999999999999
145,51.295000000000016
146,103.51999999999997
147,128.52499999999998
148,-324.255
149,17.139999999999997
150,9.165000000000028
151,-176.85999999999999
152,41.24499999999999
153,122.70000000000003
154,-137.73000000000002
155,-117.75999999999999
156,16.444999999999997
157,-71.93499999999999
158,90.87
159,-153.04
160,161.73999999999998
161,-344.165
162,146.42
163,67.51499999999999
164,-199.10999999999996
165,-284.68499999999995
166,-234.84000000000006
167,-18.72500000000001
168,67.28499999999998
169,97.22
170,-149.815
171,-190.14499999999998
172,140.49000000000007
173,101.33499999999995
174,86.06499999999996
175,-188.73000000000005
176,60.380000000000024
177,-449.98499999999996
178,-133.22
179,-267.86000000000024
180,76.54999999999998
181,-90.13
182,-498.67999999999995
183,-325.6
184,-100.185
185,-18.02000000000004
186,-244.26500000000001
187,-23.029999999999987
188,-1100.3400000000001
189,-466.3
190,85.98999999999998
191,-360.225
192,-324.06000000000006
193,24.940000000000023
194,-327.7699999999999
195,-245.15999999999997
196,-33.09000000000003
197,-88.375
198,-372.605
199,-56.525000000000006
200,91.67000000000003
201,-698.5450000000001
202,42.815000000000005
203,209.41999999999993
204,-488.615
205,-283.44499999999994
206,-257.25000000000006
207,-759.7249999999999
208,-472.0400000000001
209,-338.38999999999993
210,-513.5199999999998
211,-82.71500000000002
212,-486.1500000000001
213,-45.89
214,-716.3199999999998
215,-60.774999999999984
216,-126.16
217,-200.76500000000001
218,-299.1500000000001
219,-76.06499999999998
220,162.78000000000003
221,-195.355
222,-113.71999999999997
223,-177.4
224,-490.43999999999994
225,-264.54
226,-358.125
227,-48.265000000000036
228,-286.405
229,-245.52999999999994
230,72.65500000000002
231,-797.1400000000002
232,-581.71
233,25.484999999999978
234,-271.25499999999994
235,-484.33499999999987
236,-178.20500000000007
237,-470.13000000000005
238,-726.9250000000002
239,-7.970000000000009
240,-159.74000000000004
241,-147.59
242,211.64499999999987
243,-391.87499999999994
244,-288.0950000000001
245,-694.8399999999998
246,129.86999999999998
247,-608.485
248,-226.42499999999995
249,-258.12500000000006
250,-69.16000000000003
251,-568.8100000000001
252,114.46999999999998
253,-236.73499999999999
254,-212.18000000000004
255,-42.75500000000001
256,-513.2699999999999
257,-304.28000000000003
258,137.2400000000001
259,137.39000000000001
260,64.72
261,136.02999999999994
262,-234.80499999999998
263,-65.07499999999997
264,-1.345000000000006
265,-246.68000000000006
266,-362.7249999999999
267,104.71
268,-110.97999999999999
269,-95.33500000000001
270,-158.38999999999996
271,-58.02999999999997
272,-77.365
273,-48.62000000000002
274,101.02999999999999
275,76.17000000000003
276,-327.87
277,-26.239999999999988
278,122.02
279,-475.2150000000001
280,-68.91499999999999
281,-142.47499999999997
282,72.785
283,109.59000000000003
284,103.725
285,-199.90999999999997
286,94.52500000000003
287,118.53000000000002
288,25.8
289,-29.495000000000072
290,129.80499999999992
291,49.43500000000001
292,-319.39000000000004
293,-376.8649999999999
294,63.66499999999999
295,-300.79500000000013
296,47.425000000000004
297,112.39999999999993
298,86.04
299,0.6200000000000054
300,47.77000000000001
301,-549.6
302,-78.65500000000002
303,-589.8300000000002
304,-67.20000000000006
305,29.169999999999998
306,82.38
307,-509.0249999999999
308,-951.0450000000002
309,-113.09000000000003
310,39.48499999999999
311,41.03500000000001
312,46.559999999999995
313,78.975
314,45.91000000000003
315,77.30499999999996
316,-209.61
317,86.825
318,53.855
319,36.81999999999999
320,-162.40499999999997
321,-422.505
322,61.515000000000015
323,54.935000000000045
324,122.02499999999999
325,-628.8399999999998
326,49.87000000000004
327,-9.994999999999987
328,47.385000000000005
329,112.785
330,28.595
331,37.33999999999999
332,31.915
333,34.085
334,57.775
335,-537.0250000000001
336,-130.225
337,42.59499999999999
338,8.115
339,44.975
340,-131.475
341,39.410000000000004
342,18.43
343,-575.4799999999999
344,-650.7000000000004
345,-312.16
346,24.13
347,48.25000000000001
348,23.17499999999999
349,-2.899999999999998
350,-166.64999999999998
351,-428.78999999999996
352,109.10000000000002
353,-241.91999999999993
354,-1.545000000000005
355,-542.1500000000002
356,83.77999999999997
357,35.315000000000005
358,53.43999999999999
359,22.65
360,41.66499999999998
361,-268.50000000000006
362,14.365000000000004
363,56.395000000000024
364,51.21
365,59.705
366,7.345000000000001
367,27.7
368,108.67499999999998
369,80.41000000000005
370,60.445
371,56.42999999999999
372,25.98
373,45.50499999999998
374,108.80500000000004
375,-360.7399999999999
376,-542.7799999999999
377,-58.740000000000016
378,9.149999999999995
379,-50.1
380,71.84999999999998
381,-48.90499999999999
382,-490.85000000000014
383,-528.3549999999999
384,5.760000000000002
385,-233.15500000000003
386,57.0
387,52.19000000000003
388,20.900000000000006
389,22.63
390,29.08
391,-117.10500000000006
392,8.989999999999998
393,37.76999999999999
394,-190.045
395,-17.640000000000008
396,28.570000000000014
397,-425.935
398,31.710000000000008
399,-78.92
400,54.130000000000024
401,36.80999999999998
402,57.21
403,-359.29499999999973
404,14.789999999999997
405,27.410000000000007
406,16.140000000000015
407,-172.97000000000003
408,-554.3049999999998
409,-271.53
410,38.230000000000004
411,14.610000000000003
412,-2.8000000000000007
413,-8.82499999999999
414,9.16
415,-502.36999999999983
416,43.90499999999999
417,27.870000000000005
418,11.909999999999998
419,-644.4050000000002
420,8.300000000000004
421,-442.2950000000001
422,-74.14500000000004
423,4.354999999999997
424,-242.8500000000001
425,7.460000000000003
426,7.010000000000001
427,1.640000000000005
428,-102.80499999999999
429,25.614999999999995
430,-518.0600000000002
431,6.510000000000005
432,-6.255000000000006
433,10.659999999999998
434,12.140000000000002
435,17.250000000000014
436,7.204999999999998
437,13.674999999999992
438,8.094999999999995
439,-1.4999999999999947
440,20.845000000000002
441,-10.30999999999999
442,0.6500000000000008
443,9.81
444,42.27500000000002
445,-11.404999999999998
446,-1.3300000000000005
447,57.460000000000015
448,-111.34000000000003
449,12.805000000000035
450,11.43
451,22.99000000000001
452,1.325
453,2.400000000000002
454,10.909999999999998
455,-3.7549999999999972
456,-10.735000000000017
457,1.3049999999999995
458,3.83
459,11.240000000000007
460,18.139999999999997
461,4.590000000000001
462,7.435000000000002
463,-8.159999999999995
464,11.625000000000002
465,-9.880000000000015
466,13.020000000000008
467,-71.835
468,-1.035
469,-0.24000000000000005
470,-38.68
471,1.4649999999999976
472,-411.9049999999998
473,-413.395
474,7.969999999999998
475,-239.4100000000001
476,-11.080000000000023
477,7.269999999999998
478,7.090000000000001
479,-8.970000000000034
480,-514.6449999999998
481,-11.579999999999991
482,28.984999999999985
483,-305.55999999999995
484,-369.8400000000002
485,-246.965
486,-366.3800000000001
487,21.93000000000002
488,4.080000000000003
489,24.180000000000007
490,9.590000000000002
491,-3.615
492,24.040000000000006
493,12.555
494,-5.995000000000013
495,18.2
496,-25.920000000000023
497,29.404999999999998
498,2.05499999999998
499,12.450000000000005
500,-4.609999999999998
501,6.530000000000002
502,20.179999999999982
503,9.175000000000002
504,-19.690000000000005
505,-313.35999999999996
506,70.16999999999999
507,-9.17
508,56.18999999999998
509,46.60499999999998
510,-282.68999999999994
511,-549.6399999999999
512,-400.29
513,54.12500000000001
514,80.37999999999995
515,-67.78499999999995
516,-365.53
517,-748.9800000000005
518,63.41499999999999
519,-62.14999999999999
520,44.89499999999999
521,26.994999999999997
522,20.8
523,47.115000000000016
524,-64.625
525,25.250000000000007
526,18.390000000000004
527,-246.1200000000001
528,-399.7850000000002
529,-266.4200000000001
530,83.17500000000001
531,-476.29
532,95.63499999999996
533,38.075000000000024
534,-292.87499999999994
535,168.1299999999999
536,7.54
537,-544.8049999999997
538,54.205000000000005
539,52.23500000000001
540,-507.3500000000001
541,108.63999999999996
542,-596.925
543,58.50499999999997
544,15.809999999999988
545,128.43000000000004
546,88.88999999999997
547,61.30500000000001
548,-45.025
549,-68.12000000000002
550,47.504999999999974
551,35.37000000000003
552,-61.835000000000015
553,29.720000000000002
554,35.955000000000005
555,-398.31999999999994
556,44.23500000000001
557,-339.1800000000001
558,78.38000000000001
559,-519.4350000000003
560,1.9349999999999865
561,12.185000000000004
562,69.08999999999996
563,56.019999999999996
564,-335.82
565,34.339999999999996
566,49.45999999999998
567,53.39499999999999
568,73.59000000000002
569,-265.935
570,42.63499999999999
571,104.70500000000008
572,50.97500000000003
573,60.61999999999999
574,-213.785
575,33.17
576,18.60500000000001
577,58.125000000000064
578,29.21
579,90.87000000000006
580,73.21999999999997
581,69.35499999999999
582,94.98000000000003
583,63.86999999999998
584,51.499999999999986
585,123.46999999999998
586,-597.695
587,-459.8899999999997
588,139.21000000000004
589,-366.5250000000001
590,-124.22
591,92.50500000000001
592,63.195000000000014
593,-142.675
594,-146.505
595,-236.125
596,93.73000000000005
597,46.865
598,-30.985000000000017
599,36.53
