0,-113.0
1,-752.75
2,605.75
3,323.5
4,-657.75
5,212.0
6,-756.25
7,-126.75
8,-1372.75
9,-340.75
10,-608.25
11,-774.5
12,-767.0
13,-290.75
14,-611.75
15,-520.25
16,42.5
17,324.0
18,-139.5
19,-300.5
20,-546.5
21,-84.25
22,-131.75
23,-29.5
24,-376.0
25,177.0
26,-96.75
27,358.0
28,-1425.25
29,-46.75
30,-140.75
31,-771.5
32,-298.25
33,-516.5
34,-256.0
35,877.0
36,-359.0
37,-1712.75
38,-576.25
39,420.75
40,-1449.25
41,-468.5
42,-1345.75
43,-609.0
44,145.0
45,-367.5
46,-201.0
47,68.0
48,-581.0
49,-368.0
50,-223.75
51,-1461.75
52,-1101.75
53,-495.25
54,-632.25
55,-402.75
56,483.5
57,115.5
58,690.5
59,412.75
60,8.5
61,-1166.25
62,-232.5
63,509.75
64,-1316.75
65,-207.75
66,-1261.75
67,-423.5
68,307.0
69,-474.25
70,-188.0
71,-146.0
72,-1407.0
73,293.5
74,-274.75
75,-294.75
76,-682.5
77,-940.75
78,110.25
79,692.25
80,-56.5
81,525.5
82,-617.5
83,-99.75
84,25.0
85,-193.75
86,101.75
87,59.5
88,-489.75
89,-2089.0
90,18.5
91,161.5
92,319.25
93,3.25
94,-926.75
95,-162.0
96,227.25
97,-1319.5
98,-466.0
99,-109.0
100,-622.0
101,-1271.5
102,-344.5
103,-536.75
104,795.25
105,115.75
106,-237.25
107,798.25
108,-225.5
109,206.75
110,28.25
111,-1083.5
112,232.0
113,-823.0
114,-175.75
115,241.75
116,131.75
117,580.5
118,24.5
119,297.5
120,-571.75
121,-1141.75
122,-83.75
123,226.5
124,-1536.0
125,-467.25
126,-1537.5
127,147.0
128,-45.5
129,-450.5
130,-1496.0
131,343.25
132,-421.5
133,-1346.25
134,421.25
135,692.25
136,141.25
137,263.5
138,-1143.25
139,-84.0
140,223.5
141,43.75
142,282.0
143,-127.0
144,461.25
145,-631.0
146,-1053.75
147,-542.5
148,825.75
149,56.75
150,351.0
151,-222.0
152,31.0
153,601.25
154,-62.0
155,440.5
156,266.5
157,-1116.5
158,-1238.5
159,-599.5
160,-544.0
161,123.25
162,-22.25
163,-610.25
164,-130.75
165,-175.5
166,476.25
167,-208.75
168,-415.75
169,-44.5
170,-449.5
171,109.5
172,987.0
173,-1041.5
174,-536.75
175,-1311.5
176,-189.75
177,80.75
178,-254.75
179,614.25
180,-941.5
181,-914.0
182,103.75
183,488.75
184,-215.75
185,120.25
186,-966.25
187,-2921.5
188,320.0
189,245.75
190,-97.5
191,-734.75
192,-792.75
193,-427.5
194,531.5
195,-172.75
196,287.25
197,-1022.25
198,-617.5
199,-979.0
200,193.5
201,-1245.0
202,-674.25
203,530.5
204,-210.0
205,-2576.0
206,-1461.5
207,-140.25
208,295.5
209,525.5
210,64.0
211,80.0
212,977.5
213,-292.5
214,-1078.75
215,331.0
216,43.5
217,-646.25
218,-155.75
219,-217.25
220,348.25
221,-483.75
222,-6.5
223,246.75
224,-750.0
225,328.5
226,-352.75
227,743.25
228,-39.75
229,14.0
230,-179.75
231,539.25
232,-634.25
233,816.75
234,-246.5
235,510.25
236,-189.25
237,140.0
238,-508.0
239,-468.25
240,331.0
241,730.25
242,378.75
243,-363.0
244,-1127.75
245,548.25
246,-159.75
247,-1032.5
248,-510.5
249,-560.75
250,352.0
251,-18.25
252,285.5
253,148.25
254,-491.5
255,82.0
256,211.75
257,-1398.0
258,-1161.25
259,187.5
260,-78.75
261,297.5
262,-226.0
263,-1543.25
264,-452.5
265,529.25
266,495.75
267,177.75
268,-21.75
269,347.25
270,121.5
271,156.75
272,-2106.25
273,5.5
274,529.5
275,236.75
276,-704.25
277,-92.0
278,-1438.5
279,-922.75
280,-126.75
281,-346.75
282,475.0
283,246.75
284,-1603.75
285,-1.25
286,-696.5
287,-562.0
288,430.0
289,372.5
290,-378.75
291,231.5
292,458.25
293,-647.0
294,-14.5
295,-296.0
296,34.75
297,-259.75
298,75.75
299,-281.0
300,-552.5
301,307.25
302,-366.0
303,-716.75
304,-676.25
305,-847.25
306,-857.25
307,562.5
308,262.75
309,-1084.0
310,323.25
311,-261.5
312,-1619.25
313,-380.0
314,402.25
315,-96.75
316,668.25
317,-80.5
318,-1859.5
319,-308.25
320,137.75
321,44.5
322,877.0
323,427.5
324,-638.25
325,650.0
326,-507.25
327,-169.0
328,299.5
329,34.75
330,-759.25
331,-12.75
332,-144.75
333,302.25
334,89.75
335,9.0
336,310.0
337,872.75
338,-363.0
339,-1543.5
340,-1028.75
341,154.75
342,610.75
343,-1178.5
344,-147.75
345,22.5
346,503.25
347,-1319.75
348,521.0
349,4.5
350,-682.25
351,409.5
352,48.75
353,-273.75
354,135.5
355,460.5
356,-659.25
357,347.25
358,-562.75
359,261.0
360,-45.5
361,-1126.5
362,-230.25
363,751.25
364,-448.5
365,-550.5
366,376.25
367,494.0
368,-312.25
369,403.5
370,57.75
371,-20.0
372,476.5
373,386.75
374,385.0
375,-1143.5
376,-401.25
377,149.5
378,412.75
379,41.75
380,-688.5
381,-43.5
382,697.0
383,-337.25
384,866.75
385,697.75
386,-2527.5
387,-1608.25
388,387.25
389,-21.0
390,-410.5
391,-882.0
392,-125.5
393,120.0
394,-620.0
395,374.0
396,349.0
397,-224.0
398,771.5
399,-491.0
400,524.0
401,398.25
402,148.0
403,547.0
404,684.75
405,131.75
406,-108.0
407,-1220.75
408,19.5
409,544.0
410,227.0
411,-1862.5
412,295.75
413,-706.5
414,-123.5
415,-310.0
416,-1080.5
417,241.0
418,67.5
419,-241.75
420,303.75
421,-314.5
422,162.75
423,-17.5
424,230.0
425,-1270.0
426,-792.75
427,316.75
428,508.5
429,-234.25
430,825.5
431,195.25
432,817.0
433,211.25
434,-213.0
435,-594.75
436,945.0
437,255.75
438,-2242.0
439,-831.25
440,-962.5
441,-322.75
442,-265.0
443,321.75
444,-671.0
445,720.5
446,385.25
447,22.5
448,-498.5
449,-1236.25
450,-449.5
451,25.25
452,1133.25
453,-223.75
454,-237.75
455,256.25
456,-984.5
457,-50.25
458,-379.0
459,111.25
460,111.5
461,617.5
462,-703.75
463,240.25
464,-12.0
465,63.5
466,276.5
467,286.75
468,-405.75
469,-1456.0
470,985.75
471,-445.0
472,200.5
473,-254.0
474,660.75
475,-452.0
476,129.75
477,-113.0
478,-353.5
479,-441.0
480,-162.5
481,487.25
482,234.25
483,462.75
484,732.5
485,542.25
486,307.5
487,-196.25
488,-52.75
489,-1269.5
490,-1422.0
491,-18.0
492,133.5
493,-103.25
494,-279.5
495,-775.75
496,37.0
497,-180.25
498,400.0
499,212.5
500,-62.0
501,281.5
502,410.75
503,-511.75
504,-577.5
505,387.75
506,-297.5
507,-286.75
508,-413.25
509,-1012.0
510,5.5
511,234.5
512,272.75
513,-1509.75
514,78.0
515,-364.25
516,-335.0
517,603.5
518,-454.25
519,-446.5
520,-25.5
521,389.5
522,-148.0
523,-628.5
524,-929.25
525,-1411.75
526,-236.5
527,332.75
528,432.0
529,-1577.25
530,780.0
531,-1603.25
532,549.5
533,890.75
534,369.75
535,0.0
536,154.75
537,-427.25
538,-1126.5
539,-231.5
540,-5.25
541,-109.25
542,707.75
543,315.25
544,-240.5
545,348.25
546,185.25
547,-466.75
548,-314.5
549,-214.0
550,-599.75
551,121.0
552,-310.5
553,-4.0
554,964.5
555,279.75
556,696.0
557,-246.75
558,-237.25
559,181.5
560,-663.25
561,582.75
562,-74.75
563,-77.75
564,-244.0
565,615.25
566,71.0
567,492.75
568,-707.5
569,273.0
570,-84.0
571,433.0
572,-783.0
573,248.75
574,-190.5
575,1104.0
576,-89.25
577,223.25
578,-922.0
579,805.75
580,-305.5
581,-454.5
582,558.25
583,329.5
584,-465.0
585,-752.75
586,62.5
587,-29.75
588,-665.75
589,434.75
590,67.25
591,527.5
592,-368.5
593,717.25
594,-933.0
595,493.0
596,1018.75
597,-436.25
598,-372.0
599,-1643.5
600,-998.5
601,-1194.5
602,841.75
603,903.5
604,577.5
605,161.5
606,-265.5
607,-378.75
608,-1141.75
609,-1473.25
610,-342.75
611,344.0
612,471.25
613,81.0
614,228.0
615,-1012.5
616,544.5
617,202.5
618,418.25
619,111.25
620,-261.25
621,-10.5
622,-836.75
623,72.5
624,-521.25
625,661.0
626,-93.25
627,-490.75
628,527.0
629,-134.25
630,691.75
631,71.5
632,-304.0
633,309.75
634,392.5
635,376.75
636,519.0
637,-1432.75
638,-584.25
639,640.0
640,173.0
641,118.25
642,-1048.25
643,584.25
644,159.0
645,175.75
646,-1509.5
647,-1016.0
648,-834.75
649,-2513.75
650,-1577.75
651,-212.75
652,-199.75
653,-332.0
654,-1163.75
655,-165.0
656,-770.75
657,822.5
658,910.5
659,-687.25
660,-1022.0
661,285.0
662,-539.0
663,-461.25
664,271.0
665,781.5
666,-256.25
667,-492.75
668,-1180.75
669,-580.75
670,-339.0
671,112.75
672,-305.5
673,113.75
674,-309.0
675,675.25
676,-487.5
677,-358.5
678,635.5
679,-195.75
680,400.0
681,247.0
682,-209.25
683,-1150.5
684,-402.0
685,-646.0
686,547.0
687,-668.0
688,-552.25
689,-203.5
690,-314.5
691,536.0
692,-438.0
693,-791.0
694,-748.75
695,529.5
696,322.25
697,94.5
698,-714.5
699,671.5
700,756.5
701,-502.75
702,-1664.5
703,-349.0
704,708.0
705,-1253.75
706,-996.75
707,-169.0
708,-1723.75
709,-230.0
710,645.75
711,-225.5
712,42.75
713,-698.25
714,-854.25
715,-461.5
716,789.5
717,-224.25
718,641.5
719,-89.25
720,-872.5
721,-208.25
722,277.75
723,265.75
724,-339.5
725,583.5
726,286.5
727,-768.75
728,120.25
729,-248.25
730,137.75
731,558.5
732,-441.5
733,97.0
734,-950.0
735,673.0
736,356.75
737,361.5
738,-151.5
739,-680.75
740,-151.5
741,-634.0
742,-624.0
743,-846.5
744,-562.0
745,-108.75
746,-325.75
747,-64.0
748,-130.25
749,-89.5
750,-81.0
751,785.5
752,-254.25
753,-1341.75
754,-1540.25
755,-91.25
756,-997.0
757,-1027.75
758,271.75
759,-1214.75
760,-244.5
761,-1702.75
762,-869.0
763,191.0
764,431.75
765,617.25
766,608.0
767,-234.5
768,-397.75
769,-603.0
770,-569.0
771,-351.25
772,-297.5
773,472.25
774,-440.5
775,96.25
776,-421.75
777,1056.5
778,44.5
779,240.25
780,-202.5
781,710.75
782,-123.75
783,1061.5
784,-250.0
785,318.5
786,903.5
787,188.0
788,-1026.5
789,762.5
790,698.25
791,-43.25
792,19.0
793,-346.5
794,-570.75
795,994.25
796,-554.5
797,-1173.0
798,-1300.25
799,-417.0
800,-301.25
801,783.75
802,-74.25
803,-886.0
804,88.75
805,-688.0
806,448.0
807,-104.5
808,-1975.25
809,635.0
810,-196.25
811,928.5
812,542.0
813,-799.25
814,-30.25
815,712.75
816,-279.5
817,63.5
818,-171.0
819,-345.75
820,-781.25
821,-210.5
822,200.0
823,-90.0
824,517.5
825,556.75
826,-31.25
827,-1023.5
828,478.75
829,-838.5
830,199.25
831,-1119.75
832,-455.0
833,757.25
834,-336.0
835,-936.5
836,527.0
837,674.25
838,-321.0
839,-810.25
840,-250.25
841,-1650.25
842,-192.75
843,-702.75
844,-926.5
845,384.25
846,-58.0
847,-169.0
848,125.25
849,-570.75
850,-659.75
851,447.0
852,500.0
853,-226.0
854,424.75
855,412.5
856,267.0
857,704.75
858,704.25
859,-196.25
860,461.25
861,582.0
862,494.5
863,-506.5
864,-579.5
865,-552.25
866,458.75
867,-158.0
868,-419.5
869,-775.5
870,142.5
871,-378.25
872,52.25
873,9.5
874,66.5
875,312.25
876,-353.5
877,-406.75
878,-458.5
879,-107.5
880,-1472.75
881,620.75
882,886.75
883,11.25
884,-569.25
885,41.0
886,1109.0
887,495.25
888,350.0
889,201.25
890,-634.25
891,1321.25
892,30.0
893,-664.5
894,-926.25
895,190.75
896,-687.75
897,-705.0
898,711.25
899,439.25
900,963.5
901,-604.5
902,175.5
903,569.0
904,785.5
905,255.5
906,-111.5
907,-1735.0
908,-258.5
909,22.25
910,-234.75
911,-1479.5
912,466.0
913,-641.5
914,500.5
915,-730.75
916,-398.25
917,142.25
918,233.75
919,439.25
920,447.25
921,-186.5
922,-809.5
923,708.5
924,-748.25
925,-267.75
926,-984.25
927,-1612.5
928,334.75
929,523.25
930,-927.75
931,-661.25
932,671.5
933,-81.75
934,103.75
935,-1154.0
936,-133.0
937,-207.5
938,-1254.5
939,-1426.5
940,-69.25
941,-589.25
942,-1096.0
943,736.25
944,-1164.5
945,-82.75
946,-2183.0
947,-456.75
948,836.0
949,-278.0
950,1093.0
951,821.25
952,543.75
953,-640.0
954,-334.5
955,-292.75
956,-246.0
957,317.5
958,-189.25
959,-2186.75
960,-2507.75
961,-377.5
962,-123.25
963,-1.5
964,-109.75
965,873.5
966,323.0
967,-87.75
968,156.0
969,143.25
970,-238.0
971,-63.0
972,-183.0
973,-510.75
974,-63.5
975,-210.5
976,-210.5
977,221.25
978,-361.5
979,-407.75
980,-195.75
981,-450.25
982,-178.0
983,-525.5
984,637.5
985,-250.0
986,379.25
987,-373.75
988,-176.0
989,278.25
990,762.75
991,-971.75
992,453.25
993,-1393.5
994,-785.5
995,-664.5
996,-641.25
997,170.0
998,-39.5
999,-42.5
1000,-499.25
1001,-129.75
1002,-181.25
1003,-343.25
1004,-2034.25
1005,-406.75
1006,-1008.75
1007,-23.75
1008,-1314.0
1009,-457.25
1010,-458.0
1011,-648.0
1012,-335.25
1013,-1158.0
1014,-345.5
1015,-506.25
1016,-97.0
1017,102.0
1018,-148.0
1019,-168.5
1020,253.25
1021,162.25
1022,-47.5
1023,917.25
1024,-392.75
1025,244.5
1026,-592.75
1027,152.25
1028,-208.0
1029,-162.75
1030,-374.0
1031,-67.5
1032,660.25
1033,-343.25
1034,-199.75
1035,241.0
1036,-190.5
1037,-639.25
1038,356.0
1039,-320.25
1040,480.75
1041,391.75
1042,-749.0
1043,-572.25
1044,554.25
1045,-243.75
1046,-904.5
1047,-273.75
1048,-572.0
1049,509.0
1050,194.75
1051,728.0
1052,1270.0
1053,-436.75
1054,77.25
1055,-457.5
1056,734.25
1057,-522.75
1058,169.5
1059,-873.25
1060,-439.0
1061,-554.0
1062,-1294.25
1063,-774.0
1064,-316.75
1065,-275.25
1066,-1051.5
1067,357.0
1068,-651.25
1069,-924.25
1070,248.25
1071,-740.5
1072,-496.25
1073,-442.5
1074,411.0
1075,-105.5
1076,-928.0
1077,-272.25
1078,-208.75
1079,-302.25
1080,474.25
1081,-142.75
1082,-271.0
1083,-130.25
1084,141.75
1085,-65.5
1086,-189.5
1087,-800.5
1088,-1185.75
1089,-985.25
1090,-438.0
1091,-162.5
1092,-1.0
1093,-112.5
1094,-1599.25
1095,82.0
1096,-206.0
1097,375.5
1098,-73.5
1099,-393.75
1100,-55.25
1101,-492.0
1102,-98.5
1103,-796.25
1104,-1014.5
1105,-1447.75
1106,-1647.75
1107,272.0
1108,-364.5
1109,-566.5
1110,-312.75
1111,-528.5
1112,-1095.0
1113,-260.25
1114,-525.25
1115,993.75
1116,-1260.0
1117,67.0
1118,-229.75
1119,-435.25
1120,462.0
1121,-523.25
1122,-325.75
1123,-446.0
1124,-1134.75
1125,548.25
1126,189.25
1127,-497.0
1128,-362.5
1129,-384.75
1130,-675.25
1131,-275.25
1132,304.25
1133,-428.0
1134,162.75
1135,172.5
1136,555.0
1137,-437.0
1138,703.0
1139,118.75
1140,11.5
1141,-376.75
1142,-241.25
1143,-609.0
1144,-810.0
1145,63.25
1146,-339.75
1147,81.25
1148,273.75
1149,-438.25
1150,-498.25
1151,201.75
1152,-449.75
1153,215.5
1154,-664.75
1155,-374.25
1156,-371.25
1157,156.75
1158,-0.75
1159,63.0
1160,-194.25
1161,455.0
1162,729.5
1163,5.5
1164,-107.5
1165,-183.25
1166,-210.0
1167,-417.0
1168,512.5
1169,-451.5
1170,-515.25
1171,701.75
1172,159.75
1173,-3.0
1174,639.0
1175,-24.25
1176,-909.0
1177,-637.75
1178,409.0
1179,-188.5
1180,141.25
1181,319.5
1182,854.25
1183,-895.5
1184,804.0
1185,-161.25
1186,-485.5
1187,-694.0
1188,-433.5
1189,215.75
1190,268.25
1191,-389.75
1192,129.25
1193,-750.25
1194,-385.25
1195,-920.0
1196,90.0
1197,646.25
1198,336.0
1199,-10.75
1200,281.5
1201,-572.75
1202,-125.75
1203,556.25
1204,87.0
1205,-685.75
1206,-482.5
1207,-68.5
1208,-212.0
1209,-305.0
1210,-467.0
1211,-375.0
1212,56.75
1213,123.25
1214,-911.0
1215,-522.25
1216,-205.75
1217,-208.5
1218,-459.5
1219,-502.25
1220,-432.0
1221,1037.25
1222,71.25
1223,-179.25
1224,554.75
1225,163.0
1226,64.5
1227,-1081.0
1228,635.75
1229,706.75
1230,-318.75
1231,-1101.5
1232,8.5
1233,-222.25
1234,-984.25
1235,-163.5
1236,-424.25
1237,972.75
1238,-69.5
1239,233.5
1240,294.75
1241,-222.75
1242,-470.75
1243,126.75
1244,-1183.5
1245,-671.0
1246,-1361.5
1247,-568.25
1248,-255.0
1249,-780.5
1250,-66.75
1251,654.0
1252,412.5
1253,30.25
1254,-1316.75
1255,-66.0
1256,381.25
1257,362.25
1258,237.25
1259,-156.75
1260,-319.0
1261,-375.75
1262,1325.5
1263,-1572.25
1264,-609.75
1265,-390.5
1266,264.0
1267,-1080.25
1268,-419.0
1269,-556.75
1270,102.0
1271,211.75
1272,-177.75
1273,-137.25
1274,-331.0
1275,-472.5
1276,904.5
1277,397.75
1278,-1076.75
1279,-798.75
1280,-184.5
1281,203.75
1282,212.25
1283,-62.0
1284,375.75
1285,212.0
1286,-249.25
1287,128.5
1288,986.25
1289,261.75
1290,-17.25
1291,-845.0
1292,-55.0
1293,-295.25
1294,-232.5
1295,-1659.5
1296,-210.25
1297,-618.0
1298,-12.75
1299,136.0
1300,107.5
1301,64.0
1302,-1218.5
1303,-421.0
1304,-207.25
1305,-37.25
1306,-46.75
1307,170.25
1308,-32.75
1309,551.0
1310,-86.0
1311,231.75
1312,226.75
1313,-146.5
1314,531.75
1315,-12.25
1316,403.25
1317,-195.5
1318,407.5
1319,-489.0
1320,-339.0
1321,-83.25
1322,-1230.5
1323,242.5
1324,-149.5
1325,-56.5
1326,-256.5
1327,-356.25
1328,144.75
1329,-751.75
1330,-162.75
1331,321.0
1332,-571.0
1333,190.0
1334,-864.0
1335,225.0
1336,188.0
1337,45.25
1338,357.75
1339,257.5
1340,-64.5
1341,37.75
1342,-272.75
1343,24.25
1344,-187.0
1345,670.75
1346,42.5
1347,-370.25
1348,625.0
1349,-26.25
1350,835.5
1351,-567.75
1352,90.5
1353,-117.25
1354,-243.25
1355,122.75
1356,-392.75
1357,435.0
1358,-68.0
1359,838.25
1360,791.75
1361,48.75
1362,-877.25
1363,-196.75
1364,-346.5
1365,-810.0
1366,16.25
1367,-251.0
1368,144.25
1369,-448.25
1370,-41.0
1371,-490.0
1372,-17.0
1373,-224.0
1374,952.25
1375,-231.5
1376,553.0
1377,-148.25
1378,133.5
1379,-64.5
1380,434.5
1381,161.75
1382,-430.5
1383,-1212.75
1384,-225.0
1385,-266.0
1386,211.75
1387,-715.75
1388,124.0
1389,386.0
1390,381.75
1391,466.25
1392,-462.0
1393,621.0
1394,-632.25
1395,-1107.75
1396,287.0
1397,-253.0
1398,511.0
1399,-66.25
1400,128.5
1401,202.0
1402,-1283.75
1403,82.0
1404,500.5
1405,609.5
1406,-128.75
1407,175.0
1408,-198.5
1409,603.25
1410,-291.5
1411,-58.75
1412,-761.75
1413,-139.75
1414,-1726.75
1415,-652.5
1416,-253.75
1417,-109.75
1418,648.0
1419,1227.5
1420,205.25
1421,-168.0
1422,252.0
1423,155.0
1424,-262.5
1425,784.0
1426,-714.75
1427,659.5
1428,40.5
1429,-179.5
1430,-53.0
1431,728.5
1432,359.5
1433,547.25
1434,446.5
1435,-564.0
1436,-420.25
1437,121.25
1438,-24.5
1439,-578.25
1440,-87.75
1441,547.25
1442,-139.5
1443,-249.75
1444,-272.25
1445,-579.75
1446,264.75
1447,-198.5
1448,-681.25
1449,563.5
1450,-177.75
1451,591.5
1452,993.75
1453,399.25
1454,199.75
1455,-536.0
1456,-432.75
1457,-592.0
1458,30.25
1459,533.25
1460,847.75
1461,23.25
1462,-707.25
1463,494.0
1464,-837.75
1465,127.75
1466,-1943.75
1467,-111.75
1468,-1032.5
1469,240.75
1470,-442.75
1471,-660.5
1472,1152.5
1473,-1062.0
1474,575.75
1475,-1217.0
1476,-610.0
1477,227.0
1478,-186.25
1479,33.25
1480,6.25
1481,-28.25
1482,-263.5
1483,186.5
1484,684.5
1485,243.0
1486,-176.75
1487,514.75
1488,180.5
1489,-1330.25
1490,184.25
1491,-478.5
1492,59.75
1493,-1036.75
1494,-360.25
1495,-740.0
1496,-649.75
1497,-822.0
1498,-955.25
1499,-315.0
1500,324.0
1501,18.75
1502,784.75
1503,201.75
1504,193.75
1505,612.0
1506,149.25
1507,821.5
1508,240.5
1509,-598.75
1510,-32.25
1511,178.0
1512,-340.75
1513,500.75
1514,41.75
1515,151.25
1516,166.25
1517,97.0
1518,-823.75
1519,-4.5
1520,833.25
1521,-116.75
1522,173.25
1523,-345.5
1524,80.25
1525,137.25
1526,99.0
1527,552.5
1528,530.75
1529,546.25
1530,392.25
1531,233.25
1532,350.5
1533,994.5
1534,-523.75
1535,713.25
1536,100.0
1537,230.0
1538,86.5
1539,-116.25
1540,-787.5
1541,78.75
1542,297.5
1543,249.25
1544,-190.0
1545,-465.25
1546,86.0
1547,447.0
1548,261.0
1549,660.25
1550,-246.5
1551,527.25
1552,206.5
1553,677.75
1554,269.0
1555,120.25
1556,-144.25
1557,317.25
1558,1194.25
1559,-509.25
1560,530.25
1561,512.5
1562,-185.75
1563,-651.75
1564,129.75
1565,532.75
1566,63.5
1567,-232.5
1568,226.25
1569,939.75
1570,-68.5
1571,-92.75
1572,-69.25
1573,-74.5
1574,-274.75
1575,-220.25
1576,407.0
1577,-426.0
1578,-198.5
1579,387.5
1580,16.25
1581,-128.25
1582,-379.5
1583,356.0
1584,379.75
1585,-561.5
1586,337.75
1587,310.25
1588,347.75
1589,-134.25
1590,-394.0
1591,-12.75
1592,-272.0
1593,587.0
1594,638.0
1595,-121.5
1596,218.0
1597,749.75
1598,-151.25
1599,-632.25
1600,-573.25
1601,-673.5
1602,-145.75
1603,-104.25
1604,911.75
1605,189.25
1606,45.25
1607,273.25
1608,10.0
1609,437.75
1610,32.5
1611,-65.0
1612,257.5
1613,-119.25
1614,214.5
1615,-227.5
1616,-969.75
1617,374.5
1618,-137.75
1619,787.75
1620,329.25
1621,94.0
1622,-554.0
1623,468.75
1624,1196.75
1625,150.25
1626,123.25
1627,-287.75
1628,-44.25
1629,520.0
1630,248.5
1631,273.5
1632,-362.75
1633,-166.0
1634,858.5
1635,-73.75
1636,-43.75
1637,730.5
1638,38.75
1639,278.25
1640,382.25
1641,-865.0
1642,84.0
1643,-520.0
1644,706.25
1645,89.25
1646,134.5
1647,232.5
1648,176.5
1649,363.25
1650,882.75
1651,17.75
1652,673.0
1653,-330.5
1654,-207.25
1655,-715.25
1656,762.75
1657,714.75
1658,55.0
1659,-412.25
1660,837.0
1661,216.75
1662,47.25
1663,249.5
1664,511.0
1665,92.25
1666,-423.0
1667,-117.0
1668,-444.0
1669,108.75
1670,523.75
1671,543.25
1672,278.0
1673,450.75
1674,-185.25
1675,-479.5
1676,140.0
1677,686.75
1678,-286.0
1679,410.0
1680,387.0
1681,512.25
1682,-319.0
1683,284.0
1684,698.5
1685,-193.75
1686,-199.75
1687,606.25
1688,500.5
1689,296.25
1690,-472.5
1691,-385.0
1692,171.0
1693,-188.0
1694,48.5
1695,376.25
1696,739.25
1697,-319.25
1698,202.0
1699,332.25
1700,734.25
1701,-380.75
1702,-463.75
1703,305.0
1704,170.75
1705,594.75
1706,-145.75
1707,-676.0
1708,-381.0
1709,60.75
1710,125.0
1711,90.5
1712,-416.5
1713,472.0
1714,-111.5
1715,228.0
1716,121.0
1717,-81.25
1718,-599.25
1719,187.5
1720,687.25
1721,15.0
1722,758.25
1723,70.5
1724,-174.75
1725,264.75
1726,715.75
1727,-461.5
1728,-23.75
1729,-85.0
1730,-152.5
1731,816.25
1732,892.0
1733,520.0
1734,139.25
1735,199.0
1736,-1119.25
1737,472.25
1738,495.25
1739,-799.75
1740,20.25
1741,409.0
1742,623.5
1743,166.25
1744,-164.75
1745,-3.5
1746,468.0
1747,-179.0
1748,286.0
1749,622.0
1750,453.0
1751,503.75
1752,-535.75
1753,-340.75
1754,512.5
1755,-329.5
1756,-964.5
1757,765.0
1758,207.25
1759,-518.75
1760,211.75
1761,295.5
1762,99.75
1763,139.5
1764,-165.75
1765,687.5
1766,895.75
1767,-513.25
1768,-443.25
1769,357.75
1770,660.0
1771,133.25
1772,17.0
1773,180.0
1774,487.25
1775,-289.5
1776,-2.75
1777,-1191.5
1778,46.0
1779,892.75
1780,146.0
1781,433.25
1782,623.0
1783,688.5
1784,-580.75
1785,-340.5
1786,866.25
1787,1125.5
1788,-1603.25
1789,184.25
1790,107.5
1791,-114.75
1792,-135.75
1793,-1025.75
1794,198.75
1795,203.25
1796,-101.0
1797,713.25
1798,101.25
1799,117.75
1800,338.5
1801,37.0
1802,688.25
1803,489.5
1804,818.75
1805,50.0
1806,292.75
1807,-342.75
1808,-660.5
1809,221.75
1810,436.25
1811,-449.5
1812,45.25
1813,-1495.25
1814,-570.25
1815,1077.75
1816,305.5
1817,552.75
1818,675.25
1819,174.5
1820,795.75
1821,360.25
1822,45.25
1823,-1502.75
1824,-222.5
1825,118.0
1826,853.25
1827,244.25
1828,-314.5
1829,-244.75
1830,627.25
1831,-159.0
1832,-37.25
1833,117.25
1834,744.75
1835,-205.0
1836,-768.25
1837,-316.75
1838,27.5
1839,454.5
1840,-1264.75
1841,197.75
1842,473.5
1843,-106.5
1844,-21.25
1845,329.75
1846,28.0
1847,454.5
1848,655.5
1849,-124.0
1850,-677.25
1851,419.75
1852,598.75
1853,249.5
1854,-998.5
1855,-792.75
1856,-362.5
1857,36.5
1858,-789.25
1859,-430.25
1860,-833.75
1861,-361.25
1862,-864.5
1863,-176.75
1864,-600.75
1865,-769.0
1866,-900.25
1867,-1390.0
1868,-353.25
1869,-539.75
1870,-92.75
1871,16.75
1872,-294.5
1873,-436.0
1874,-352.25
1875,-250.5
1876,-220.0
1877,-23.75
1878,-215.25
1879,-514.0
1880,163.25
1881,-544.75
1882,-424.0
1883,-1647.5
1884,-323.25
1885,-414.5
1886,-660.5
1887,-388.25
1888,-753.25
1889,-722.25
1890,-987.25
1891,-269.75
1892,-362.5
1893,-335.25
1894,75.75
1895,-525.75
1896,-445.25
1897,-758.25
1898,-324.0
1899,-826.5
1900,-422.25
1901,-1031.0
1902,-430.75
1903,-129.0
1904,-905.25
1905,-527.25
1906,-167.75
1907,-112.25
1908,-213.5
1909,-1380.75
1910,-879.5
1911,-373.0
1912,50.0
1913,-229.0
1914,-349.75
1915,-235.0
1916,-346.75
1917,-194.0
1918,-801.5
1919,-590.5
1920,12.75
1921,-653.5
1922,-328.75
1923,-642.0
1924,-730.25
1925,-214.25
1926,-146.25
1927,-426.25
1928,-518.25
1929,-449.5
1930,-180.0
1931,-98.0
1932,-140.5
1933,-267.0
1934,-370.25
1935,-808.75
1936,-1509.0
1937,-590.25
1938,-814.25
1939,-371.0
1940,-45.5
1941,-707.0
1942,-821.25
1943,-334.75
1944,-525.75
1945,-475.5
1946,-766.25
1947,-387.75
1948,-221.25
1949,-199.75
1950,-385.5
1951,-375.0
1952,-743.5
1953,-728.0
1954,-657.0
1955,-762.75
1956,-259.25
1957,-219.5
1958,-411.25
1959,-222.5
1960,-266.25
1961,-462.25
1962,-229.25
1963,-434.75
1964,-308.25
1965,-292.0
1966,-1330.25
1967,-436.5
1968,97.25
1969,-25.0
1970,-635.0
1971,-803.5
1972,-399.25
1973,-175.0
1974,-635.0
1975,-691.5
1976,-341.25
1977,-68.75
1978,67.0
1979,-339.75
1980,-312.0
1981,-240.5
1982,-1349.5
1983,-372.5
1984,-248.5
1985,-127.0
1986,-235.25
1987,113.5
1988,-246.25
1989,-64.25
1990,-222.25
1991,-190.5
1992,-57.5
1993,-85.75
1994,-907.75
1995,-106.5
1996,-745.0
1997,147.5
1998,-720.75
1999,-758.0
2000,-395.25
2001,-316.0
2002,-255.75
2003,-326.75
2004,-1551.75
2005,94.0
2006,-1615.25
2007,-138.25
2008,-118.5
2009,-428.0
2010,-708.5
2011,-687.0
2012,-310.25
2013,-34.5
2014,-229.5
2015,-320.25
2016,-893.25
2017,-981.5
2018,-224.0
2019,-791.25
2020,-703.0
2021,-772.5
2022,-570.5
2023,-157.5
2024,5.75
2025,-502.0
2026,-430.5
2027,-1038.0
2028,-2182.25
2029,-48.0
2030,-286.75
2031,-376.0
2032,-361.0
2033,-562.5
2034,-274.0
2035,-328.25
2036,-247.25
2037,-510.5
2038,-611.75
2039,-266.5
2040,-845.5
2041,-275.75
2042,-97.25
2043,-141.5
2044,-151.25
2045,-99.5
2046,-202.0
2047,-592.75
2048,-217.25
2049,-330.0
2050,-586.0
2051,-1191.75
2052,-390.0
2053,-467.25
2054,-289.0
2055,145.25
2056,-303.25
2057,-312.25
2058,-288.25
2059,-407.0
2060,-296.25
2061,-875.75
2062,-51.25
2063,-810.5
2064,-1263.5
2065,-677.5
2066,-222.5
2067,-441.75
2068,-500.25
2069,-1259.0
2070,-311.0
2071,-31.0
2072,-505.25
2073,-205.0
2074,-245.5
2075,-1177.5
2076,-114.0
2077,-389.5
2078,-468.0
2079,-543.0
2080,-170.25
2081,-152.25
2082,-462.0
2083,-369.75
2084,-600.5
2085,-523.0
2086,-1298.75
2087,-636.75
2088,260.0
2089,-4.5
2090,-184.5
2091,-298.25
2092,-596.5
2093,-419.75
2094,-297.25
2095,-112.5
2096,-275.25
2097,-298.0
2098,-1081.75
2099,-465.75
2100,-522.25
2101,-1235.5
2102,-441.0
2103,-279.25
2104,-232.5
2105,-385.25
2106,-528.5
2107,-742.25
2108,-375.25
2109,-483.75
2110,-647.25
2111,-375.25
2112,-219.75
2113,-390.0
2114,-655.0
2115,-640.25
2116,-875.75
2117,-448.75
2118,-338.25
2119,-540.75
2120,-943.0
2121,-326.25
2122,-612.5
2123,-727.25
2124,-538.0
2125,-476.5
2126,-379.5
2127,-673.75
2128,-376.5
2129,-106.5
2130,-250.5
2131,-1346.5
2132,-1124.25
2133,-543.5
2134,-1542.75
2135,-258.0
2136,-338.75
2137,-252.5
2138,-512.75
2139,198.25
2140,-751.5
2141,-786.0
2142,-1216.5
2143,-410.25
2144,-278.75
2145,-833.75
2146,-263.0
2147,-354.0
2148,-609.0
2149,-554.25
2150,-506.0
2151,-704.25
2152,-424.0
2153,-461.0
2154,-398.75
2155,-153.75
2156,-343.5
2157,-727.5
2158,-302.0
2159,-57.75
2160,-388.75
2161,-595.0
2162,-294.5
2163,-514.5
2164,-310.5
2165,-709.5
2166,-801.0
2167,-353.25
2168,-399.75
2169,161.25
2170,-338.25
2171,-412.75
2172,-382.0
2173,-517.0
2174,-208.5
2175,-1146.75
2176,-126.0
2177,-699.0
2178,-551.25
2179,-228.5
2180,-340.0
2181,-225.75
2182,-284.0
2183,-134.25
2184,-208.75
2185,-1135.25
2186,-270.5
2187,-556.5
2188,-367.0
2189,-93.25
2190,-650.75
2191,-373.25
2192,-1204.0
2193,-408.75
2194,-403.75
2195,-325.75
2196,-885.0
2197,-19.75
2198,-1888.25
2199,-1076.25
2200,-277.75
2201,-649.5
2202,-110.0
2203,-331.0
2204,-942.5
2205,-408.25
2206,122.0
2207,-168.0
2208,-390.75
2209,-332.25
2210,-214.0
2211,-566.5
2212,-185.5
2213,-120.75
2214,-213.25
2215,-524.5
2216,-141.75
2217,-217.25
2218,-286.0
2219,-755.75
2220,-230.25
2221,-5.75
2222,-138.75
2223,63.25
2224,-103.75
2225,-256.5
2226,-199.5
2227,33.0
2228,-101.5
2229,-203.0
2230,-332.0
2231,-224.75
2232,-111.75
2233,-265.25
2234,-157.5
2235,-222.5
2236,-478.25
2237,-853.25
2238,104.0
2239,-439.75
2240,-1908.75
2241,-175.75
2242,-357.5
2243,-726.5
2244,-159.5
2245,-481.25
2246,-261.5
2247,-490.5
2248,-125.0
2249,-405.0
2250,-41.75
2251,49.75
2252,-77.5
2253,-396.75
2254,-10.75
2255,-506.25
2256,271.75
2257,-367.25
2258,-572.5
2259,-210.0
2260,-184.75
2261,-609.5
2262,-484.0
2263,-486.25
2264,-182.25
2265,-513.75
2266,-89.25
2267,-271.75
2268,35.75
2269,129.5
2270,-217.25
2271,-356.0
2272,-341.5
2273,309.0
2274,-194.0
2275,-352.0
2276,-448.75
2277,-296.25
2278,-487.5
2279,-265.0
2280,-548.75
2281,-297.75
2282,-86.5
2283,242.5
2284,-204.75
2285,22.25
2286,-211.75
2287,-108.75
2288,-996.5
2289,202.5
2290,-668.75
2291,-1305.5
2292,-235.0
2293,-350.5
2294,-238.0
2295,-559.5
2296,-194.25
2297,-382.0
2298,-126.75
2299,-52.25
2300,-462.5
2301,-280.25
2302,-407.0
2303,-278.25
2304,-258.0
2305,-161.0
2306,-75.0
2307,-288.75
2308,-357.25
2309,-152.5
2310,81.75
2311,-201.0
2312,-382.75
2313,-192.75
2314,-305.5
2315,-371.5
2316,-357.25
2317,-332.75
2318,-562.75
2319,-394.75
2320,-137.0
2321,-376.75
2322,-422.75
2323,-371.5
2324,-331.0
2325,-225.75
2326,-127.5
2327,-312.5
2328,-861.75
2329,-42.75
2330,-430.5
2331,-76.25
2332,-245.0
2333,146.25
2334,-194.0
2335,104.5
2336,-168.0
2337,-338.0
2338,-57.75
2339,30.25
2340,-168.0
2341,-250.25
2342,-663.75
2343,-275.75
2344,240.75
2345,-71.0
2346,-242.75
2347,-198.75
2348,124.25
2349,-195.0
2350,-223.25
2351,-80.25
2352,-383.75
2353,-87.25
2354,-1372.0
2355,-148.5
2356,-308.5
2357,-527.0
2358,-519.25
2359,-426.5
2360,-356.25
2361,-343.5
2362,-516.5
2363,-484.75
2364,-580.75
2365,-651.75
2366,-238.5
2367,-266.25
2368,257.5
2369,114.5
2370,-6.75
2371,-348.5
2372,-194.25
2373,-62.5
2374,-235.25
2375,-479.25
2376,-308.0
2377,-1060.25
2378,50.75
2379,-268.75
2380,-207.25
2381,-420.75
2382,-402.25
2383,-303.25
2384,-191.0
2385,-246.75
2386,-343.25
2387,-331.75
2388,-304.5
2389,88.25
2390,-50.5
2391,-297.75
2392,-122.5
2393,-278.5
2394,-194.25
2395,-204.75
2396,-325.75
2397,-510.25
2398,-376.5
2399,-276.75
2400,-593.75
2401,-42.25
2402,-94.0
2403,-75.25
2404,-573.25
2405,151.5
2406,-558.0
2407,-499.0
2408,-484.75
2409,-192.0
2410,-242.25
2411,-200.25
2412,-743.75
2413,-211.75
2414,39.0
2415,-62.75
2416,-779.25
2417,165.5
2418,-141.5
2419,-341.75
2420,-112.0
2421,-212.5
2422,2.25
2423,173.5
2424,-141.0
2425,-20.75
2426,123.25
2427,55.75
2428,-248.75
2429,-426.75
2430,-481.0
2431,7.75
2432,-235.25
2433,-103.75
2434,-180.75
2435,-462.0
2436,-126.75
2437,-250.25
2438,-284.5
2439,-182.0
2440,-592.25
2441,-225.5
2442,162.25
2443,-274.75
2444,-317.75
2445,-233.75
2446,-137.0
2447,-363.25
2448,-217.75
2449,-79.25
2450,-192.75
2451,-37.5
2452,46.5
2453,-154.5
2454,-78.75
2455,-48.75
2456,-258.5
2457,-90.5
2458,-125.5
2459,-309.0
2460,-880.75
2461,-176.75
2462,-71.75
2463,-421.25
2464,-174.75
2465,-348.75
2466,-236.5
2467,-352.0
2468,42.75
2469,-446.25
2470,-491.0
2471,-137.5
2472,23.25
2473,123.5
2474,-38.75
2475,-258.25
2476,-171.0
2477,-503.25
2478,-22.75
2479,-376.75
2480,-1689.25
2481,-586.0
2482,80.5
2483,-313.0
2484,-25.0
2485,-36.25
2486,46.25
2487,96.75
2488,-443.25
2489,-185.25
2490,50.75
2491,118.25
2492,-27.0
2493,165.0
2494,-421.0
2495,-66.75
2496,-208.25
2497,-36.25
2498,-209.0
2499,96.25
2500,39.5
2501,-280.5
2502,-127.5
2503,150.75
2504,-160.5
2505,-550.5
2506,-247.0
2507,-319.75
2508,-60.25
2509,-285.5
2510,-79.0
2511,-66.0
2512,-127.5
2513,-77.0
2514,-64.75
2515,-196.0
2516,28.25
2517,-1031.5
2518,-0.5
2519,-560.0
2520,-360.5
2521,93.0
2522,-118.0
2523,228.25
2524,-41.25
2525,-136.25
2526,-1700.5
2527,40.25
2528,-176.25
2529,86.75
2530,-50.0
2531,-1094.5
2532,-166.5
2533,-71.25
2534,-124.0
2535,-540.0
2536,-424.25
2537,28.75
2538,161.0
2539,70.5
2540,-25.5
2541,-282.75
2542,-167.75
2543,-404.75
2544,-85.75
2545,-570.0
2546,30.0
2547,-130.0
2548,172.75
2549,228.0
2550,-412.5
2551,-72.0
2552,-1285.0
2553,-234.75
2554,-1139.25
2555,34.75
2556,-1907.25
2557,-177.5
2558,-290.0
2559,-349.25
2560,164.0
2561,98.5
2562,84.0
2563,-64.25
2564,-59.25
2565,-263.5
2566,-246.75
2567,9.5
2568,14.5
2569,-152.0
2570,13.0
2571,-275.5
2572,-449.5
2573,-258.75
2574,-213.25
2575,-674.25
2576,-72.25
2577,-263.5
2578,-196.0
2579,-301.5
2580,-89.25
2581,-521.5
2582,-12.5
2583,-189.0
2584,188.75
2585,-9.25
2586,135.5
2587,-42.5
2588,-240.25
2589,-78.0
2590,-548.25
2591,27.5
2592,-330.25
2593,110.25
2594,-34.5
2595,-72.25
2596,-357.5
2597,-338.0
2598,171.75
2599,113.0
2600,-260.75
2601,69.75
2602,-65.0
2603,-95.75
2604,-795.75
2605,-79.0
2606,-29.0
2607,-972.5
2608,295.0
2609,-84.5
2610,138.0
2611,-194.0
2612,-140.75
2613,-23.25
2614,52.5
2615,-45.5
2616,-2.0
2617,-157.0
2618,-298.0
2619,-456.75
2620,-12.5
2621,130.75
2622,79.5
2623,-188.75
2624,-37.0
2625,37.5
2626,2.5
2627,-145.5
2628,15.0
2629,150.0
2630,87.5
2631,-108.75
2632,-19.5
2633,-137.0
2634,-1039.5
2635,-373.75
2636,-158.0
2637,201.0
2638,-101.5
2639,163.75
2640,-58.0
2641,94.75
2642,-148.5
2643,153.5
2644,39.75
2645,-29.75
2646,241.5
2647,64.0
2648,-358.5
2649,30.25
2650,-60.75
2651,-194.75
2652,-151.0
2653,38.0
2654,-331.0
2655,-327.25
2656,85.75
2657,327.0
2658,32.5
2659,18.0
2660,228.75
2661,214.75
2662,-51.75
2663,-24.25
2664,202.25
2665,68.25
2666,-42.25
2667,53.5
2668,19.25
2669,-298.75
2670,144.75
2671,-148.25
2672,116.75
2673,322.5
2674,188.75
2675,-255.5
2676,-19.5
2677,-214.0
2678,719.25
2679,204.0
2680,-149.5
2681,219.25
2682,-490.75
2683,-183.75
2684,331.75
2685,247.0
2686,-310.0
2687,-105.25
2688,-165.5
2689,-207.5
2690,41.0
2691,-129.25
2692,96.5
2693,-373.5
2694,115.5
2695,313.5
2696,143.0
2697,71.75
2698,374.5
2699,-1042.75
2700,131.25
2701,-887.75
2702,182.25
2703,201.25
2704,190.25
2705,-608.25
2706,-482.0
2707,-203.0
2708,306.0
2709,326.75
2710,77.25
2711,194.5
2712,-1078.0
2713,-687.5
2714,-257.5
2715,-741.75
2716,323.0
2717,-24.5
2718,-132.0
2719,-1078.25
2720,32.25
2721,88.25
2722,-397.5
2723,663.0
2724,138.75
2725,-150.25
2726,177.75
2727,-52.0
2728,291.0
2729,-455.5
2730,-329.75
2731,28.25
2732,-827.5
2733,560.75
2734,393.25
2735,358.5
2736,-175.0
2737,-296.25
2738,-770.25
2739,-84.0
2740,-88.25
2741,-1590.25
2742,265.0
2743,-173.25
2744,-860.25
2745,-664.25
2746,-422.75
2747,196.75
2748,-183.75
2749,98.75
2750,-88.0
2751,-566.5
2752,283.25
2753,-41.5
2754,85.25
2755,-58.75
2756,149.0
2757,50.75
2758,700.5
2759,35.25
2760,144.0
2761,238.5
2762,168.0
2763,-57.5
2764,-194.25
2765,594.25
2766,-698.0
2767,446.0
2768,470.5
2769,-142.25
2770,-28.25
2771,-617.25
2772,-343.75
2773,187.25
2774,-624.75
2775,-601.25
2776,226.75
2777,202.5
2778,230.75
2779,28.75
2780,175.25
2781,-516.5
2782,-230.0
2783,503.5
2784,60.75
2785,350.75
2786,147.0
2787,-347.0
2788,143.0
2789,-220.25
2790,-258.5
2791,487.0
2792,72.5
2793,417.75
2794,207.75
2795,447.25
2796,457.75
2797,114.25
2798,397.25
2799,140.75
2800,-42.0
2801,520.75
2802,411.0
2803,-496.75
2804,484.0
2805,-67.5
2806,473.5
2807,-18.5
2808,140.75
2809,107.25
2810,-162.0
2811,246.25
2812,-988.75
2813,-231.75
2814,-435.0
2815,45.5
2816,45.75
2817,-174.0
2818,65.75
2819,-1708.25
2820,346.25
2821,198.25
2822,173.75
2823,312.0
2824,-148.5
2825,-27.75
2826,367.5
2827,818.5
2828,383.5
2829,-571.75
2830,-355.0
2831,572.5
2832,-398.5
2833,641.25
2834,-165.5
2835,88.0
2836,131.25
2837,514.5
2838,-1624.0
2839,417.25
2840,-746.25
2841,414.0
2842,-370.25
2843,-348.75
2844,28.25
2845,117.75
2846,74.25
2847,664.5
2848,-331.5
2849,-231.25
2850,-877.0
2851,310.5
2852,-175.25
2853,383.75
2854,158.25
2855,-1195.25
2856,68.5
2857,23.75
2858,273.25
2859,365.0
2860,-31.25
2861,-829.0
2862,259.75
2863,249.0
2864,156.75
2865,113.5
2866,-110.25
2867,253.5
2868,-33.25
2869,58.75
2870,436.75
2871,-59.75
2872,148.75
2873,115.0
2874,117.5
2875,-8.0
2876,195.5
2877,317.5
2878,-13.25
2879,-163.0
2880,-81.75
2881,-175.5
2882,-200.0
2883,423.5
2884,-16.75
2885,-137.25
2886,55.5
2887,200.25
2888,80.0
2889,137.25
2890,-5.75
2891,17.75
2892,-150.75
2893,111.5
2894,105.75
2895,-260.25
2896,323.5
2897,-44.75
2898,203.0
2899,-63.0
2900,384.75
2901,233.25
2902,-195.0
2903,260.0
2904,80.0
2905,-432.75
2906,-305.25
2907,246.75
2908,89.75
2909,-50.25
2910,-31.0
2911,485.25
2912,245.5
2913,266.75
2914,87.75
2915,-326.5
2916,-35.75
2917,365.5
2918,-45.5
2919,-359.0
2920,-1.75
2921,-423.5
2922,221.25
2923,-4.75
2924,379.75
2925,54.0
2926,-11.0
2927,352.5
2928,89.25
2929,-583.0
2930,362.5
2931,-198.75
2932,-88.75
2933,162.75
2934,-0.25
2935,427.25
2936,-579.25
2937,-589.75
2938,-58.75
2939,-22.5
2940,462.25
2941,237.25
2942,38.5
2943,-81.0
2944,-0.25
2945,-22.0
2946,0.25
2947,-82.75
2948,-74.25
2949,448.75
2950,40.75
2951,-549.75
2952,59.0
2953,312.0
2954,771.0
2955,438.0
2956,228.25
2957,243.25
2958,16.0
2959,54.5
2960,227.75
2961,380.0
2962,-15.75
2963,-25.5
2964,-81.0
2965,126.5
2966,-637.0
2967,16.0
2968,137.5
2969,233.5
2970,81.75
2971,369.25
2972,186.75
2973,-88.5
2974,788.75
2975,67.0
2976,128.0
2977,96.0
2978,345.5
2979,176.0
2980,93.0
2981,-42.25
2982,-59.75
2983,252.75
2984,456.5
2985,496.0
2986,-5.75
2987,43.25
2988,179.5
2989,461.25
2990,14.5
2991,320.75
2992,177.75
2993,-922.0
2994,15.75
2995,80.25
2996,333.0
2997,224.75
2998,79.0
2999,87.25
3000,374.5
3001,-29.25
3002,359.75
3003,129.25
3004,125.75
3005,263.25
3006,29.0
3007,-325.75
3008,-192.0
3009,31.5
3010,-54.25
3011,392.5
3012,366.0
3013,134.75
3014,239.25
3015,223.0
3016,142.75
3017,58.75
3018,-1172.75
3019,179.25
3020,-480.5
3021,593.0
3022,48.75
3023,419.25
3024,280.5
3025,269.25
3026,76.75
3027,209.0
3028,370.25
3029,-274.5
3030,182.25
3031,38.0
3032,396.0
3033,-5.75
3034,-132.5
3035,501.25
3036,353.0
3037,223.75
3038,324.5
3039,203.25
3040,-31.0
3041,450.25
3042,292.75
3043,-433.0
3044,248.75
3045,453.0
3046,162.75
3047,-20.0
3048,651.25
3049,150.75
3050,917.5
3051,333.0
3052,-287.25
3053,608.0
3054,-449.25
3055,379.5
3056,184.0
3057,58.5
3058,-92.5
3059,77.0
3060,-327.75
3061,171.5
3062,-204.75
3063,14.75
3064,213.0
3065,16.5
3066,155.5
3067,-347.25
3068,486.0
3069,429.25
3070,-469.5
3071,30.75
3072,87.25
3073,321.5
3074,265.0
3075,5.75
3076,116.5
3077,536.0
3078,-252.5
3079,212.25
3080,104.0
3081,401.0
3082,-549.0
3083,-333.0
3084,328.0
3085,358.75
3086,127.0
3087,-157.5
3088,-1001.5
3089,-48.75
3090,242.75
3091,-34.5
3092,106.25
3093,151.5
3094,212.25
3095,260.75
3096,176.0
3097,-127.75
3098,-336.5
3099,195.25
3100,-64.5
3101,170.5
3102,-387.5
3103,-432.75
3104,338.75
3105,-23.5
3106,-128.25
3107,-425.75
3108,12.75
3109,3.5
3110,62.5
3111,231.0
3112,-305.0
3113,-29.25
3114,360.0
3115,-75.0
3116,-532.25
3117,-299.75
3118,456.5
3119,-60.0
3120,30.5
3121,520.25
3122,173.5
3123,282.25
3124,28.5
3125,318.0
3126,-238.75
3127,48.75
3128,83.25
3129,376.25
3130,-193.0
3131,-21.25
3132,-145.25
3133,93.75
3134,434.25
3135,-22.25
3136,476.25
3137,9.0
3138,71.0
3139,546.5
3140,145.75
3141,23.5
3142,-376.5
3143,-178.5
3144,26.5
3145,-110.0
3146,29.0
3147,-132.75
3148,314.75
3149,295.5
3150,82.0
3151,175.0
3152,277.0
3153,-146.75
3154,211.5
3155,-264.75
3156,-75.25
3157,198.25
3158,-15.0
3159,-106.5
3160,-300.0
3161,-29.0
3162,190.75
3163,184.0
3164,-373.5
3165,-1333.5
3166,-329.0
3167,-136.25
3168,319.75
3169,123.0
3170,-1038.75
3171,-242.0
3172,-142.5
3173,-315.5
3174,-634.75
3175,430.5
3176,-647.0
3177,-36.5
3178,-556.25
3179,40.0
3180,455.5
3181,-286.5
3182,45.5
3183,-914.75
3184,-375.0
3185,-162.75
3186,-651.25
3187,216.0
3188,-319.25
3189,-444.0
3190,-264.5
3191,-259.25
3192,-548.75
3193,437.75
3194,122.5
3195,575.25
3196,58.75
3197,-661.75
3198,156.0
3199,20.0
3200,-855.5
3201,-117.25
3202,262.0
3203,528.25
3204,316.25
3205,-579.25
3206,-862.5
3207,252.75
3208,-224.5
3209,109.5
3210,527.75
3211,635.75
3212,-219.25
3213,314.5
3214,-484.0
3215,-709.5
3216,-687.0
3217,188.0
3218,202.5
3219,140.75
3220,-11.75
3221,-1200.5
3222,295.0
3223,-131.25
3224,-863.25
3225,-575.0
3226,187.5
3227,-217.25
3228,295.25
3229,-110.25
3230,-63.25
3231,528.75
3232,697.0
3233,484.5
3234,408.25
3235,772.25
3236,132.0
3237,572.25
3238,42.5
3239,-630.5
3240,-1012.5
3241,-226.75
3242,197.0
3243,332.0
3244,-53.0
3245,-398.25
3246,122.5
3247,283.0
3248,319.75
3249,-273.25
3250,-29.5
3251,221.75
3252,-215.5
3253,-975.75
3254,-180.5
3255,145.5
3256,-765.0
3257,-1223.0
3258,344.25
3259,328.75
3260,-433.25
3261,-33.25
3262,-646.25
3263,636.0
3264,254.5
3265,-240.75
3266,-349.0
3267,-43.75
3268,-138.5
3269,50.75
3270,-76.75
3271,322.75
3272,559.75
3273,170.5
3274,361.75
3275,275.5
3276,161.75
3277,-445.5
3278,-164.75
3279,298.0
3280,319.5
3281,421.5
3282,-194.5
3283,-195.25
3284,35.5
3285,200.0
3286,116.25
3287,45.5
3288,430.0
3289,219.0
3290,-262.75
3291,395.25
3292,376.75
3293,-596.25
3294,365.25
3295,-236.75
3296,100.25
3297,483.25
3298,-288.25
3299,409.25
3300,393.5
3301,40.75
3302,449.75
3303,-47.0
3304,263.75
3305,437.5
3306,130.25
3307,358.5
3308,-419.0
3309,-127.75
3310,-66.25
3311,428.5
3312,164.75
3313,263.75
3314,304.0
3315,408.5
3316,-278.5
3317,-775.25
3318,-150.5
3319,-156.0
3320,281.25
3321,356.75
3322,300.5
3323,205.75
3324,6.5
3325,246.75
3326,42.75
3327,-212.0
3328,65.0
3329,262.0
3330,427.0
3331,270.75
3332,-205.0
3333,216.25
3334,-119.0
3335,-671.75
3336,274.25
3337,412.75
3338,360.5
3339,233.75
3340,-15.5
3341,292.75
3342,-26.0
3343,-51.25
3344,407.75
3345,-431.5
3346,227.75
3347,-1152.5
3348,-363.75
3349,304.25
3350,-48.75
3351,316.75
3352,-178.25
3353,186.75
3354,207.75
3355,236.0
3356,-52.75
3357,269.0
3358,98.75
3359,111.0
3360,-264.75
3361,503.5
3362,61.75
3363,-1261.0
3364,-160.25
3365,111.0
3366,327.0
3367,354.25
3368,182.75
3369,488.0
3370,305.5
3371,330.75
3372,219.75
3373,-105.5
3374,397.0
3375,144.5
3376,276.0
3377,213.0
3378,59.75
3379,446.75
3380,39.0
3381,332.5
3382,143.5
3383,363.75
3384,270.5
3385,613.0
3386,-73.0
3387,418.25
3388,392.0
3389,388.25
3390,273.5
3391,253.25
3392,467.0
3393,123.25
3394,323.25
3395,16.5
3396,551.5
3397,12.75
3398,-18.75
3399,370.5
3400,227.25
3401,349.5
3402,290.0
3403,455.0
3404,237.25
3405,376.0
3406,288.25
3407,400.75
3408,405.75
3409,414.75
3410,260.25
3411,274.5
3412,386.0
3413,213.75
3414,260.25
3415,314.75
3416,569.0
3417,174.25
3418,232.0
3419,234.0
3420,240.75
3421,-29.5
3422,-283.75
3423,-98.0
3424,376.75
3425,240.5
3426,369.25
3427,-103.0
3428,267.5
3429,244.25
3430,306.0
3431,175.75
3432,360.0
3433,74.25
3434,37.25
3435,79.25
3436,269.25
3437,-596.25
3438,393.5
3439,-6.75
3440,-119.0
3441,-180.5
3442,474.5
3443,-294.25
3444,-89.5
3445,-220.75
3446,467.5
3447,437.5
3448,512.75
3449,92.0
3450,467.25
3451,433.75
3452,75.25
3453,170.75
3454,167.25
3455,277.5
3456,172.5
3457,95.25
3458,-176.75
3459,214.5
3460,404.0
3461,124.75
3462,276.0
3463,100.0
3464,370.75
3465,-2.75
3466,14.25
3467,-36.5
3468,51.25
3469,315.5
3470,448.0
3471,81.75
3472,187.5
3473,169.0
3474,299.0
3475,655.0
3476,-48.5
3477,32.5
3478,135.75
3479,165.5
3480,177.75
3481,370.75
3482,193.75
3483,346.5
3484,269.0
3485,293.75
3486,174.5
3487,246.25
3488,-2.75
3489,330.75
3490,412.0
3491,-41.75
3492,162.25
3493,48.25
3494,-195.0
3495,80.5
3496,125.25
3497,37.5
3498,132.25
3499,366.5
3500,266.5
3501,20.0
3502,166.5
3503,-307.75
3504,408.25
3505,356.5
3506,441.0
3507,-16.0
3508,309.5
3509,218.0
3510,-0.75
3511,41.0
3512,-260.75
3513,256.75
3514,193.5
3515,265.5
3516,-436.5
3517,383.0
3518,421.5
3519,522.5
3520,265.5
3521,309.25
3522,386.75
3523,372.25
3524,53.25
3525,148.0
3526,282.25
3527,511.0
3528,95.0
3529,97.25
3530,439.25
3531,428.75
3532,225.25
3533,235.25
3534,369.0
3535,-231.25
3536,338.25
3537,144.5
3538,607.5
3539,188.5
3540,156.5
3541,156.75
3542,263.75
3543,144.75
3544,312.75
3545,234.25
3546,285.75
3547,-506.75
3548,354.0
3549,362.0
3550,260.5
3551,323.75
3552,-2272.5
3553,148.5
3554,428.75
3555,302.5
3556,188.25
3557,330.0
3558,253.0
3559,353.25
3560,-2.75
3561,269.25
3562,376.0
3563,383.0
3564,357.0
3565,436.5
3566,453.0
3567,262.0
3568,138.0
3569,98.75
3570,356.75
3571,-305.75
3572,244.25
3573,20.75
3574,353.0
3575,379.0
3576,518.25
3577,409.5
3578,377.5
3579,140.25
3580,386.25
3581,342.5
3582,383.0
3583,143.75
3584,356.75
3585,316.5
3586,203.25
3587,228.75
3588,511.0
3589,-53.0
3590,-473.5
3591,-80.5
3592,342.75
3593,765.5
3594,207.75
3595,330.25
3596,-33.0
3597,331.75
3598,-612.25
3599,176.0
3600,-120.25
3601,323.5
3602,218.25
3603,446.25
3604,417.25
3605,221.75
3606,333.75
3607,376.75
3608,211.25
3609,196.5
3610,99.25
3611,144.75
3612,160.25
3613,174.25
3614,40.75
3615,251.5
3616,228.75
3617,120.0
3618,197.25
3619,337.75
3620,355.0
3621,281.25
3622,256.75
3623,339.25
3624,244.5
3625,251.75
3626,-657.25
3627,304.0
3628,305.75
3629,397.0
3630,337.5
3631,366.75
3632,221.75
3633,-40.0
3634,283.25
3635,293.5
3636,323.5
3637,244.5
3638,363.75
3639,155.0
3640,-124.25
3641,350.0
3642,262.0
3643,254.75
3644,253.25
3645,197.25
3646,210.0
3647,321.5
3648,409.25
3649,129.5
3650,164.5
3651,298.5
3652,416.25
3653,332.25
3654,361.5
3655,286.75
3656,255.25
3657,349.5
3658,205.75
3659,307.75
3660,374.0
3661,-126.5
3662,216.5
3663,335.5
3664,578.0
3665,263.0
3666,-220.75
3667,369.0
3668,306.0
3669,276.0
3670,295.25
3671,-94.5
3672,395.25
3673,171.0
3674,395.25
3675,312.75
3676,402.25
3677,-57.5
3678,411.25
3679,430.5
3680,381.0
3681,-16.0
3682,120.25
3683,294.5
3684,535.25
3685,72.0
3686,214.75
3687,376.0
3688,352.75
3689,425.25
3690,414.75
3691,168.0
3692,420.75
3693,258.5
3694,353.5
3695,350.0
3696,193.5
3697,440.75
3698,346.0
3699,168.75
3700,369.0
3701,365.5
3702,-296.25
3703,430.25
3704,422.25
3705,311.0
3706,519.75
3707,401.75
3708,486.25
3709,411.0
3710,442.5
3711,539.0
3712,560.0
3713,389.5
3714,405.75
3715,418.0
3716,412.5
3717,98.5
3718,409.25
3719,396.75
3720,444.25
3721,365.5
3722,563.5
3723,516.0
3724,447.75
3725,644.0
3726,340.0
3727,293.25
3728,384.75
3729,218.75
3730,421.25
3731,627.0
3732,-261.0
3733,-587.5
3734,207.25
3735,309.0
3736,-340.25
3737,-329.5
3738,363.5
3739,37.0
3740,414.5
3741,418.25
3742,476.5
3743,478.0
3744,414.0
3745,453.0
3746,432.0
3747,405.5
3748,245.75
3749,475.75
3750,444.75
3751,326.75
3752,530.25
3753,467.5
3754,180.75
3755,635.5
3756,444.25
3757,293.75
3758,100.25
3759,-728.25
3760,161.75
3761,161.75
3762,235.5
3763,291.25
3764,379.25
3765,5.5
3766,406.75
3767,121.25
3768,574.0
3769,300.5
3770,226.5
3771,523.25
3772,656.5
3773,377.5
3774,535.5
3775,680.0
3776,426.0
3777,226.5
3778,351.25
3779,472.5
3780,343.5
3781,-688.0
3782,460.0
3783,442.25
3784,520.5
3785,419.25
3786,456.5
3787,237.0
3788,461.75
3789,362.75
3790,526.0
3791,611.0
3792,532.75
3793,507.5
3794,581.25
3795,422.5
3796,510.25
3797,390.0
3798,749.5
3799,533.75
3800,535.5
3801,139.0
3802,321.5
3803,297.75
3804,592.5
3805,319.75
3806,560.0
3807,605.75
3808,399.25
3809,435.25
3810,-3.25
3811,686.0
3812,721.25
3813,401.25
3814,332.75
3815,354.75
3816,-270.25
3817,-75.0
3818,532.75
3819,310.0
3820,370.25
3821,212.5
3822,-317.5
3823,449.75
3824,-142.0
3825,614.25
3826,365.0
3827,429.25
3828,470.75
3829,684.5
3830,340.5
3831,547.75
3832,545.25
3833,567.25
3834,488.0
3835,614.25
3836,314.25
3837,247.5
3838,731.75
3839,414.0
3840,483.5
3841,437.0
3842,82.75
3843,539.0
3844,409.25
3845,-1338.75
3846,-735.0
3847,128.5
3848,-1551.0
3849,147.5
3850,284.75
3851,34.75
3852,341.0
3853,277.25
3854,-424.25
3855,612.0
3856,-40.0
3857,57.25
3858,363.25
3859,-190.0
3860,238.75
3861,-272.75
3862,171.5
3863,289.25
3864,437.5
3865,462.75
3866,65.5
3867,-261.25
3868,471.5
3869,532.0
3870,441.75
3871,-37.25
3872,438.25
3873,119.75
3874,234.75
3875,568.25
3876,476.75
3877,380.5
3878,345.0
3879,203.25
3880,356.5
3881,-319.75
3882,-277.0
3883,422.5
3884,-454.0
3885,550.5
3886,378.0
3887,653.0
3888,-319.0
3889,307.75
3890,-34.5
3891,670.0
3892,90.75
3893,160.75
3894,1049.5
3895,-181.0
3896,466.25
3897,322.5
3898,377.0
3899,654.0
3900,97.5
3901,397.25
3902,144.75
3903,-113.5
3904,133.75
3905,465.25
3906,528.5
3907,65.0
3908,674.0
3909,433.75
3910,309.25
3911,59.25
3912,23.25
3913,505.25
3914,620.75
3915,534.75
3916,219.0
3917,472.75
3918,686.5
3919,497.75
3920,563.0
3921,638.5
3922,-12.5
3923,221.75
3924,286.75
3925,-149.25
3926,162.0
3927,-673.25
3928,467.25
3929,273.5
3930,268.0
3931,524.25
3932,354.0
3933,273.0
3934,607.5
3935,700.5
3936,669.0
3937,448.75
3938,475.25
3939,465.25
3940,558.5
3941,74.75
3942,293.0
3943,378.25
3944,489.75
3945,554.25
3946,52.5
3947,285.75
3948,582.0
3949,75.25
3950,786.25
3951,720.75
3952,70.5
3953,654.0
3954,530.25
3955,463.0
3956,620.5
3957,191.0
3958,568.25
3959,575.25
3960,-69.75
3961,586.5
3962,592.5
3963,671.5
3964,662.75
3965,248.75
3966,591.0
3967,524.25
3968,610.0
3969,584.0
3970,17.75
3971,368.25
3972,730.25
3973,504.75
3974,562.75
3975,-133.25
3976,-205.0
3977,-335.5
3978,392.5
3979,184.0
3980,605.0
3981,439.25
3982,687.25
3983,118.75
3984,462.75
3985,201.0
3986,427.0
3987,12.75
3988,257.5
3989,403.25
3990,203.75
3991,167.25
3992,615.25
3993,708.25
3994,249.5
3995,510.75
3996,-535.0
3997,477.75
3998,291.75
3999,848.75
4000,802.0
4001,377.5
4002,249.25
4003,667.0
4004,-85.25
4005,-182.0
4006,872.0
4007,698.5
4008,515.5
4009,106.0
4010,688.25
4011,172.5
4012,369.75
4013,-609.5
4014,731.25
4015,-25.25
4016,290.75
4017,35.5
4018,691.0
4019,285.75
4020,-585.75
4021,760.0
4022,285.5
4023,68.0
4024,168.0
4025,368.0
4026,698.0
4027,712.0
4028,326.0
4029,688.25
4030,294.25
4031,728.5
4032,597.75
4033,208.25
4034,795.0
4035,196.5
4036,502.75
4037,653.75
4038,790.0
4039,586.5
4040,-297.0
4041,590.75
4042,-154.0
4043,304.5
4044,251.0
4045,706.5
4046,-221.5
4047,-169.0
4048,789.0
4049,203.25
4050,590.0
4051,954.25
4052,346.5
4053,580.25
4054,503.0
4055,353.0
4056,500.25
4057,-12.0
4058,-329.75
4059,466.25
4060,466.25
4061,383.5
4062,64.25
4063,226.0
4064,820.75
4065,-112.25
4066,933.0
4067,926.75
4068,761.25
4069,489.25
4070,555.25
4071,663.0
4072,633.0
4073,604.0
4074,40.5
4075,359.25
4076,359.5
4077,603.0
4078,712.0
4079,-10.0
4080,736.5
4081,795.75
4082,433.75
4083,794.25
4084,-18.0
4085,657.5
4086,-135.5
4087,359.75
4088,414.0
4089,240.0
4090,563.0
4091,852.25
4092,-28.5
4093,612.0
4094,1190.0
4095,-17.0
4096,415.25
4097,690.75
4098,741.75
4099,48.5
4100,794.5
4101,364.5
4102,470.0
4103,267.0
4104,-306.75
4105,793.0
4106,760.0
4107,349.0
4108,276.75
4109,90.25
4110,41.5
4111,257.5
4112,247.5
4113,412.5
4114,124.5
4115,654.25
4116,590.25
4117,1036.5
4118,0.25
4119,499.5
4120,133.75
4121,9.5
4122,177.75
4123,392.5
4124,501.25
4125,266.25
4126,583.75
4127,557.5
4128,129.25
4129,253.5
4130,317.25
4131,263.0
4132,409.0
4133,261.5
4134,116.25
4135,761.0
4136,790.0
4137,146.5
4138,-122.5
4139,-368.0
4140,296.75
4141,163.0
4142,52.0
4143,281.25
4144,-152.0
4145,659.25
4146,-263.75
4147,-508.75
4148,-269.0
4149,31.5
4150,560.0
4151,829.0
4152,712.75
4153,934.5
4154,139.25
4155,87.75
4156,767.25
4157,46.25
4158,497.5
4159,296.25
4160,490.0
4161,533.25
4162,417.0
4163,450.0
4164,265.75
4165,289.0
4166,90.0
4167,540.5
4168,-419.75
4169,721.25
4170,200.75
4171,665.25
4172,496.75
4173,39.25
4174,179.25
4175,639.0
4176,639.0
4177,263.25
4178,352.75
4179,50.75
4180,743.5
4181,268.5
4182,770.5
4183,719.0
4184,256.25
4185,331.75
4186,763.5
4187,442.25
4188,808.5
4189,438.75
4190,602.0
4191,51.0
4192,556.5
4193,-156.0
4194,440.5
4195,-508.5
4196,384.5
4197,293.25
4198,-199.75
4199,744.25
4200,641.75
4201,51.0
4202,652.5
4203,598.75
4204,310.75
4205,709.0
4206,237.25
4207,181.0
4208,326.5
4209,776.5
4210,565.25
4211,-22.75
4212,72.0
4213,581.0
4214,542.25
4215,35.25
4216,235.25
4217,323.25
4218,645.0
4219,452.75
4220,-124.25
4221,233.0
4222,797.75
4223,735.75
4224,638.5
4225,692.5
4226,616.5
4227,240.5
4228,560.0
4229,553.75
4230,347.75
4231,388.25
4232,557.25
4233,221.25
4234,672.25
4235,610.5
4236,803.75
4237,830.0
4238,145.75
4239,828.25
4240,440.5
4241,867.0
4242,789.75
4243,-6.5
4244,851.25
4245,-221.5
4246,348.0
4247,642.0
4248,517.75
4249,-127.5
4250,443.75
4251,191.5
4252,660.0
4253,-89.25
4254,790.0
4255,459.5
4256,623.0
4257,295.0
4258,421.25
4259,40.5
4260,733.5
4261,612.5
4262,621.0
4263,726.5
4264,867.25
4265,-424.25
4266,704.0
4267,142.75
4268,-382.5
4269,680.75
4270,607.25
4271,779.25
4272,552.75
4273,573.75
4274,722.75
4275,298.0
4276,661.5
4277,498.25
4278,647.5
4279,680.75
4280,356.25
4281,439.0
4282,345.75
4283,868.75
4284,417.75
4285,665.25
4286,305.75
4287,219.5
4288,-71.5
4289,854.75
4290,621.25
4291,516.0
4292,-816.25
4293,432.75
4294,238.25
4295,747.5
4296,420.75
4297,860.0
4298,180.75
4299,881.0
4300,584.75
4301,907.25
4302,-296.0
4303,-218.0
4304,626.5
4305,333.0
4306,235.25
4307,180.5
4308,13.25
4309,921.5
4310,718.0
4311,-53.75
4312,-550.5
4313,-373.25
4314,-343.25
4315,-30.75
4316,179.75
4317,652.75
4318,485.0
4319,535.0
4320,946.0
4321,253.0
4322,90.25
4323,249.0
4324,-207.5
4325,380.0
4326,-617.0
4327,-271.25
4328,776.0
4329,579.5
4330,813.5
4331,411.25
4332,376.0
4333,614.5
4334,249.5
4335,-444.25
4336,-133.75
4337,620.75
4338,658.75
4339,786.5
4340,51.75
4341,345.75
4342,729.25
4343,55.25
4344,-53.25
4345,637.5
4346,342.5
4347,352.75
4348,-444.0
4349,-532.5
4350,-510.75
4351,-452.25
4352,111.0
4353,157.75
4354,43.75
4355,168.5
4356,-888.0
4357,-502.25
4358,351.25
4359,-85.0
4360,628.5
4361,-14.75
4362,629.25
4363,620.5
4364,121.5
4365,560.75
4366,219.5
4367,329.0
4368,-457.75
4369,-305.5
4370,951.25
4371,555.5
4372,807.0
4373,220.0
4374,588.0
4375,-5.25
4376,-1073.25
4377,605.25
4378,474.0
4379,328.5
4380,-512.25
4381,673.25
4382,-37.75
4383,777.5
4384,839.0
4385,-115.0
4386,-35.5
4387,674.5
4388,-527.0
4389,1.0
4390,298.25
4391,533.5
4392,505.5
4393,-164.75
4394,898.5
4395,533.0
4396,-886.25
4397,381.25
4398,-875.25
4399,-361.5
4400,-1077.5
4401,-924.5
4402,-413.25
4403,-761.75
4404,-861.75
4405,-487.5
4406,-798.75
4407,-543.25
4408,-778.5
4409,-883.75
4410,-1383.5
4411,-380.75
4412,-405.25
4413,-89.25
4414,473.25
4415,-563.5
4416,-309.75
4417,-32.25
4418,105.0
4419,-401.0
4420,418.5
4421,-561.5
4422,-348.5
4423,30.25
4424,534.0
4425,-292.25
4426,-450.25
4427,-456.25
4428,-623.0
4429,707.0
4430,-450.0
4431,-240.25
4432,-215.75
4433,-219.25
4434,-291.25
4435,-185.75
4436,-332.5
4437,-240.0
4438,-216.5
4439,-985.25
4440,-32.25
4441,-324.25
4442,-283.25
4443,262.25
4444,-288.5
4445,80.0
4446,-456.75
4447,-511.25
4448,-257.75
4449,46.0
4450,-318.75
4451,-540.0
4452,-515.5
4453,-145.0
4454,-245.5
4455,-271.75
4456,-409.75
4457,-247.75
4458,-540.75
4459,-590.75
4460,-633.25
4461,17.5
4462,229.0
4463,504.0
4464,-720.0
4465,-307.75
4466,237.25
4467,326.0
4468,-722.5
4469,-442.25
4470,-302.75
4471,-190.75
4472,-595.25
4473,51.25
4474,-432.0
4475,205.75
4476,-710.25
4477,363.5
4478,-13.75
4479,-128.25
4480,19.5
4481,-365.5
4482,-75.25
4483,-628.75
4484,-577.5
4485,65.0
4486,153.0
4487,529.75
4488,-533.0
4489,-399.5
4490,-358.25
4491,-250.5
4492,169.0
4493,-266.25
4494,299.75
4495,-100.25
4496,590.0
4497,-126.0
4498,-48.75
4499,-553.5
4500,57.75
4501,-127.75
4502,-140.25
4503,-133.0
4504,-86.75
4505,-153.25
4506,21.25
4507,-432.5
4508,-157.5
4509,-59.5
4510,-145.5
4511,-212.0
4512,-207.5
4513,-56.75
4514,18.75
4515,-86.5
4516,-104.0
4517,-388.0
4518,-235.5
4519,-33.75
4520,-40.5
4521,-62.0
4522,-155.5
4523,5.5
4524,-278.75
4525,29.5
4526,-791.5
4527,-483.0
4528,-104.75
4529,-211.75
4530,-515.75
4531,122.5
4532,-51.0
4533,-45.75
4534,133.5
4535,-169.75
4536,12.75
4537,-478.5
4538,-443.0
4539,-105.25
4540,-249.0
4541,-401.25
4542,153.0
4543,-72.25
4544,-1538.0
4545,210.5
4546,100.25
4547,-0.25
4548,-162.25
4549,-109.75
4550,-206.25
4551,187.75
4552,-106.25
4553,-300.0
4554,-281.75
4555,-86.0
4556,-172.5
4557,-284.75
4558,-76.0
4559,-103.5
4560,-125.0
4561,-206.25
4562,-209.75
4563,-381.5
4564,-344.75
4565,-137.75
4566,-154.25
4567,-263.25
4568,-111.5
4569,59.5
4570,23.25
4571,44.25
4572,32.5
4573,-20.25
4574,74.75
4575,-4.75
4576,17.0
4577,-396.25
4578,53.0
4579,-244.75
4580,-122.0
4581,-246.5
4582,-185.0
4583,-69.5
4584,-151.0
4585,101.25
4586,-162.75
4587,99.5
4588,-275.0
4589,-231.25
4590,-78.5
4591,-20.5
4592,-215.0
4593,-8.75
4594,-82.0
4595,262.5
4596,-175.5
4597,14.25
4598,37.0
4599,27.25
4600,194.75
4601,341.0
4602,-24.0
4603,-96.5
4604,21.5
4605,-416.0
4606,80.75
4607,60.75
4608,-128.5
4609,146.5
4610,103.5
4611,-143.75
4612,5.5
4613,-170.0
4614,62.0
4615,-70.0
4616,80.75
4617,16.75
4618,-179.5
4619,78.75
4620,387.0
4621,181.0
4622,-892.5
4623,152.0
4624,-186.5
4625,-112.25
4626,210.75
4627,-73.75
4628,223.0
4629,245.75
4630,-175.25
4631,-142.0
4632,-46.25
4633,156.75
4634,-200.5
4635,107.75
4636,181.0
4637,132.75
4638,108.75
4639,-137.75
4640,-536.0
4641,335.0
4642,-34.0
4643,-777.5
4644,474.75
4645,303.0
4646,87.0
4647,22.25
4648,-28.75
4649,-33.25
4650,427.75
4651,120.5
4652,82.75
4653,69.25
4654,-28.75
4655,-72.75
4656,103.75
4657,35.0
4658,114.75
4659,96.5
4660,36.25
4661,74.5
4662,79.0
4663,1.75
4664,-108.75
4665,86.0
4666,-126.25
4667,324.0
4668,225.75
4669,76.5
4670,-104.25
4671,-23.5
4672,-147.0
4673,148.25
4674,-66.25
4675,106.25
4676,195.75
4677,272.25
4678,242.25
4679,119.0
4680,-54.0
4681,484.5
4682,300.0
4683,275.25
4684,174.0
4685,16.75
4686,208.75
4687,119.5
4688,-266.75
4689,-210.5
4690,87.0
4691,-110.25
4692,-58.5
4693,-111.25
4694,314.5
4695,63.25
4696,210.75
4697,152.75
4698,162.25
4699,48.25
4700,98.0
4701,-80.0
4702,-63.5
4703,-301.5
4704,222.75
4705,55.5
4706,-65.0
4707,229.0
4708,-27.75
4709,26.5
4710,-1164.0
4711,118.25
4712,313.75
4713,184.25
4714,-21.0
4715,-446.25
4716,117.0
4717,34.0
4718,673.75
4719,-185.75
4720,264.75
4721,512.75
4722,30.5
4723,195.0
4724,179.25
4725,321.25
4726,300.25
4727,255.5
4728,-97.5
4729,192.5
4730,78.25
4731,190.5
4732,316.25
4733,30.5
4734,-102.75
4735,195.5
4736,-66.0
4737,-90.25
4738,643.75
4739,553.5
4740,-445.75
4741,453.5
4742,223.5
4743,255.25
4744,417.5
4745,286.75
4746,350.25
4747,521.0
4748,428.75
4749,499.25
4750,82.5
4751,-33.25
4752,-277.0
4753,302.25
4754,-41.0
4755,243.5
4756,-121.5
4757,102.25
4758,260.0
4759,495.25
4760,120.25
4761,264.75
4762,18.0
4763,182.75
4764,158.25
4765,-901.5
4766,-241.5
4767,-329.25
4768,168.75
4769,642.25
4770,340.5
4771,393.0
4772,331.5
4773,-852.25
4774,-385.5
4775,102.75
4776,228.25
4777,-738.25
4778,139.75
4779,-618.25
4780,426.25
4781,245.75
4782,-533.5
4783,561.75
4784,97.5
4785,370.25
4786,292.0
4787,420.0
4788,-784.75
4789,12.25
4790,168.0
4791,204.25
4792,336.75
4793,190.25
4794,193.0
4795,297.25
4796,136.0
4797,183.25
4798,-76.25
4799,-74.75
4800,183.5
4801,107.25
4802,250.75
4803,-299.75
4804,445.75
4805,223.75
4806,-301.75
4807,353.5
4808,338.75
4809,273.5
4810,279.75
4811,-778.75
4812,349.25
4813,233.25
4814,132.5
4815,-303.5
4816,187.75
4817,122.75
4818,-94.0
4819,246.0
4820,-650.0
4821,-132.75
4822,-640.0
4823,37.75
4824,-226.5
4825,400.75
4826,-5.0
4827,70.25
4828,211.5
4829,140.25
4830,686.75
4831,409.75
4832,-78.0
4833,-10.0
4834,230.75
4835,103.5
4836,242.25
4837,494.25
4838,448.0
4839,408.5
4840,288.5
4841,367.75
4842,85.0
4843,106.75
4844,91.75
4845,454.0
4846,586.75
4847,501.75
4848,151.0
4849,178.25
4850,288.0
4851,200.5
4852,555.5
4853,-1.0
4854,330.75
4855,358.75
4856,331.0
4857,125.75
4858,217.0
4859,-255.0
4860,290.5
4861,-888.5
4862,-408.5
4863,-18.75
4864,420.75
4865,-78.0
4866,229.5
4867,-228.75
4868,-90.75
4869,233.25
4870,58.0
4871,176.25
4872,-474.25
4873,206.25
4874,-209.0
4875,-406.25
4876,103.25
4877,263.75
4878,152.75
4879,-363.25
4880,-1082.5
4881,-1601.0
4882,-77.5
4883,-99.5
4884,-37.5
4885,-70.75
4886,134.5
4887,-35.75
4888,-149.5
4889,-415.25
4890,124.25
4891,-149.25
4892,-954.75
4893,-141.5
4894,299.75
4895,217.0
4896,-431.75
4897,-624.5
4898,-577.25
4899,-567.25
4900,-997.5
4901,-192.5
4902,213.0
4903,150.75
4904,226.5
4905,-159.75
4906,-202.5
4907,220.25
4908,-1129.0
4909,-748.0
4910,-388.75
4911,-649.0
4912,-848.5
4913,-183.25
4914,-469.0
4915,-492.25
4916,171.5
4917,-588.75
4918,-34.0
4919,-134.25
4920,83.5
4921,-382.5
4922,-231.0
4923,-171.0
4924,79.0
4925,255.5
4926,-1989.0
4927,-439.75
4928,-1146.25
4929,97.75
4930,-1095.75
4931,-784.0
4932,202.5
4933,-250.25
4934,-202.25
4935,-941.0
4936,-73.0
4937,-353.25
4938,-13.5
4939,-134.75
4940,-109.75
4941,-751.75
4942,-44.75
4943,-204.25
4944,-240.0
4945,-197.5
4946,-33.25
4947,-385.0
4948,-337.25
4949,-200.25
4950,-458.25
4951,-39.5
4952,-237.5
4953,-34.0
4954,-742.25
4955,-132.0
4956,-237.5
4957,-369.75
4958,-607.75
4959,-439.25
4960,-37.0
4961,-207.5
4962,-144.0
4963,-416.75
4964,-329.25
4965,-81.25
4966,-355.5
4967,-226.5
4968,-341.0
4969,-325.5
4970,-523.0
4971,-127.75
4972,-196.75
4973,-1341.5
4974,-408.5
4975,-77.75
4976,-409.25
4977,-255.75
4978,-191.5
4979,-377.75
4980,-220.75
4981,-204.0
4982,-353.75
4983,170.5
4984,-133.25
4985,-52.25
4986,188.0
4987,25.0
4988,-54.25
4989,-363.75
4990,-113.5
4991,-224.0
4992,-29.5
4993,-87.25
4994,-273.5
4995,200.5
4996,-419.25
4997,-64.75
4998,-485.75
4999,-254.0
