0,1421.5
1,558.0
2,168.5
3,1098.0
4,1372.5
5,362.0
6,3368.0
7,1173.5
8,1105.0
9,1577.0
10,2108.5
11,528.5
12,1254.0
13,831.0
14,1081.0
15,410.0
16,620.0
17,2800.0
18,1483.0
19,2082.0
20,542.0
21,950.5
22,1369.0
23,837.0
24,1599.0
25,1186.0
26,2293.0
27,1369.0
28,1452.5
29,1245.0
30,1200.5
31,1575.0
32,570.5
33,1310.5
34,878.5
35,2499.5
36,1137.5
37,1390.5
38,3610.0
39,1634.0
40,3463.0
41,1609.0
42,2158.0
43,1332.0
44,2570.0
45,2089.5
46,1015.0
47,2364.0
48,1846.5
49,3598.0
50,-3217.5
51,1924.5
52,1714.5
53,2064.5
54,2226.0
55,1194.0
56,1891.0
57,2741.0
58,3161.0
59,1907.5
60,2767.5
61,2764.0
62,4112.0
63,2687.5
64,2903.0
65,3959.0
66,2475.5
67,1222.0
68,1580.5
69,1040.5
70,3194.5
71,4111.0
72,2659.5
73,2289.0
74,1894.0
75,2837.5
76,2983.5
77,2785.0
78,2754.5
79,1934.5
80,3451.5
81,2797.0
82,510.0
83,3823.5
84,-6154.0
85,2757.5
86,2530.0
87,4032.5
88,3201.5
89,3044.5
90,2514.0
91,2947.0
92,1398.0
93,1794.5
94,1602.0
95,1281.5
96,3430.5
97,-3100.0
98,2306.5
99,3306.0
100,3508.0
101,1747.0
102,2368.0
103,3272.0
104,3249.0
105,4090.0
106,4130.0
107,3647.5
108,3400.0
109,4121.5
110,-823.0
111,3281.5
112,3611.0
113,2927.5
114,6014.5
115,-1657.5
116,2703.0
117,4327.5
118,4497.0
119,4283.0
120,2946.5
121,4826.5
122,3163.0
123,4937.0
124,3294.0
125,3636.5
126,1612.0
127,3781.5
128,4164.5
129,3087.5
130,1197.0
131,3373.5
132,-1011.0
133,3652.5
134,3123.0
135,2823.5
136,3955.5
137,5035.0
138,-796.5
139,3317.0
140,-5503.5
141,4492.5
142,-4726.0
143,4905.0
144,3232.0
145,3992.5
146,-3398.5
147,5507.5
148,4886.5
149,4086.0
150,4019.5
151,1039.5
152,4256.0
153,4536.0
154,4907.0
155,4899.5
156,4414.0
157,4243.5
158,4191.5
159,4055.0
160,4722.5
161,3582.5
162,4875.0
163,4744.5
164,4183.5
165,3417.5
166,4117.0
167,3540.5
168,4893.5
169,5052.5
170,5173.5
171,3385.0
172,4802.5
173,4112.5
174,5978.5
175,4654.0
176,5780.0
177,5232.0
178,4714.0
179,5963.5
180,5327.0
181,3868.5
182,-3173.5
183,5370.0
184,4885.0
185,4928.0
186,3444.5
187,4847.0
188,2454.0
189,4994.0
190,2070.0
191,5125.5
192,5065.5
193,5720.0
194,3852.5
195,4320.0
196,4667.5
197,2016.5
198,-8667.0
199,3557.5
200,1780.0
201,4431.5
202,4591.5
203,4354.5
204,2131.0
205,3488.5
206,-4500.0
207,-1207.5
208,4037.0
209,4683.0
210,3156.5
211,4776.5
212,-1027.0
213,5173.0
214,2726.0
215,4999.5
216,4992.5
217,-1104.5
218,4969.0
219,4817.0
220,5094.0
221,5709.0
222,4372.0
223,2854.0
224,5147.5
225,3047.0
226,2073.0
227,4529.5
228,4587.5
229,2674.5
230,5319.5
231,1434.0
232,3866.5
233,5660.5
234,1461.0
235,4200.0
236,235.0
237,1563.0
238,4945.0
239,3878.5
240,5184.0
241,5875.0
242,5418.0
243,4487.5
244,5516.5
245,5910.5
246,151.5
247,5021.0
248,5500.0
249,2879.0
250,5739.5
251,3693.5
252,5627.5
253,2179.5
254,1779.0
255,6197.5
256,6431.5
257,5293.5
258,332.5
259,4333.0
260,5013.5
261,5678.0
262,4384.5
263,4807.5
264,6017.0
265,5481.0
266,5752.0
267,-947.0
268,5030.5
269,2377.0
270,5834.5
271,-881.0
272,5488.0
273,4453.0
274,6266.0
275,4976.0
276,1494.0
277,6003.0
278,5489.5
279,5908.0
280,2623.0
281,2339.5
282,3661.5
283,6181.5
284,4048.5
285,5549.0
286,952.0
287,5545.0
288,5253.5
289,5742.0
290,3544.0
291,4777.5
292,2302.0
293,4145.0
294,2168.5
295,6754.5
296,4887.0
297,5275.5
298,5175.5
299,4789.0
300,5279.0
301,5389.5
302,5851.5
303,5476.0
304,-87.5
305,3551.0
306,5465.0
307,4398.0
308,3231.5
309,5197.5
310,4703.0
311,5433.0
312,5803.0
313,2441.0
314,-862.0
315,6009.5
316,6037.0
317,5465.5
318,6018.0
319,5063.0
320,5778.0
321,5751.0
322,4177.0
323,5416.5
324,6003.0
325,5121.5
326,5418.0
327,640.5
328,5564.5
329,5995.0
330,5107.0
331,6166.0
332,5529.0
333,5911.5
334,5904.5
335,6148.5
336,5050.5
337,4767.0
338,5901.5
339,5649.5
340,6441.5
341,6052.5
342,5897.5
343,5761.5
344,5514.5
345,6188.0
346,6019.5
347,5639.0
348,3351.0
349,5409.0
350,6788.0
351,2441.0
352,5187.5
353,5276.0
354,5287.0
355,5551.5
356,6313.0
357,5865.5
358,5555.5
359,4546.5
360,5714.0
361,5678.5
362,5885.0
363,5726.5
364,5198.0
365,5986.0
366,6097.5
367,4934.0
368,6548.5
369,5777.5
370,3499.0
371,5674.0
372,5532.5
373,5718.0
374,5555.0
375,6157.0
376,5140.5
377,6028.0
378,6555.0
379,5071.0
380,5196.5
381,6414.5
382,4974.5
383,5790.5
384,-1347.5
385,5579.5
386,5724.0
387,-3005.5
388,6047.0
389,4144.5
390,4899.5
391,5756.0
392,6348.0
393,5894.0
394,6291.0
395,6155.5
396,5236.5
397,5691.5
398,6313.0
399,5273.0
400,6046.0
401,3886.5
402,4960.5
403,6439.0
404,6298.0
405,6412.5
406,5137.5
407,5769.5
408,6098.0
409,5774.0
410,5369.0
411,6053.0
412,5845.0
413,5788.0
414,5746.0
415,6718.0
416,5751.5
417,6731.5
418,5638.5
419,5270.5
420,6712.0
421,5986.5
422,6667.0
423,6315.5
424,4914.5
425,6631.5
426,4912.5
427,5803.5
428,6685.5
429,6381.5
430,5779.5
431,6211.5
432,5983.5
433,5777.0
434,6097.5
435,6080.0
436,3945.0
437,6039.0
438,6785.5
439,6485.5
440,5967.0
441,6324.0
442,5481.0
443,6485.0
444,6677.5
445,5741.0
446,6116.0
447,4529.0
448,6418.0
449,5624.5
450,6038.5
451,6350.0
452,6368.0
453,6226.0
454,6368.0
455,5412.5
456,6064.5
457,5198.5
458,5659.5
459,6106.5
460,6697.5
461,6487.5
462,5060.5
463,-1890.0
464,4058.0
465,815.0
466,5708.5
467,5000.5
468,5986.5
469,6161.5
470,6566.5
471,6243.0
472,3738.5
473,5999.5
474,6295.5
475,3272.0
476,6164.5
477,6245.5
478,6476.5
479,5594.5
480,6613.5
481,6799.5
482,6307.0
483,2714.5
484,6570.5
485,1572.0
486,6238.0
487,6020.5
488,5709.5
489,5679.5
490,6809.5
491,5733.0
492,6409.5
493,6399.5
494,570.5
495,5933.5
496,6320.5
497,6313.5
498,-2355.0
499,6791.5
500,6353.0
501,5260.5
502,6156.5
503,4065.5
504,5741.5
505,6685.0
506,5563.5
507,5698.5
508,6270.0
509,6530.5
510,5473.5
511,6537.0
512,5782.5
513,6045.5
514,5656.0
515,6419.0
516,5974.0
517,7030.0
518,6637.5
519,6474.0
520,3467.0
521,7001.0
522,5772.0
523,4682.0
524,6500.5
525,6385.5
526,1052.5
527,6723.5
528,4314.5
529,5477.5
530,6021.0
531,6559.5
532,896.5
533,1466.0
534,5734.0
535,6360.5
536,5836.5
537,6134.5
538,5622.5
539,6548.5
540,5931.5
541,6880.5
542,6410.0
543,6932.0
544,5913.0
545,5665.5
546,5950.5
547,-244.0
548,6384.5
549,6155.0
550,878.0
551,4046.0
552,6958.0
553,6221.5
554,6027.5
555,6276.5
556,5741.0
557,6214.0
558,6534.5
559,5055.0
560,4855.0
561,5468.5
562,6808.5
563,6043.0
564,5917.0
565,5716.5
566,5711.5
567,4814.5
568,4678.5
569,6652.5
570,5848.5
571,5692.5
572,6887.0
573,-1428.5
574,4621.5
575,3200.0
576,5459.0
577,5687.5
578,6966.0
579,5603.5
580,3807.5
581,6390.5
582,6077.0
583,6219.0
584,5706.5
585,5631.0
586,6059.5
587,6321.0
588,5328.5
589,5967.0
590,6150.0
591,6131.0
592,6232.5
593,5927.0
594,6289.5
595,6227.5
596,5557.5
597,5818.0
598,6185.0
599,6385.0
600,6488.5
601,5887.0
602,5487.5
603,6618.0
604,5779.5
605,6278.5
606,5687.0
607,5770.5
608,5263.0
609,5880.0
610,5848.5
611,6392.5
612,6607.0
613,5989.0
614,6296.5
615,6195.5
616,6352.5
617,5949.5
618,6781.0
619,5853.0
620,6135.5
621,5943.0
622,6084.0
623,5737.5
624,5820.5
625,6081.5
626,5336.5
627,6169.5
628,6389.0
629,5452.5
630,6155.5
631,4593.0
632,6046.0
633,5522.0
634,5684.0
635,5936.5
636,5826.5
637,5600.0
638,4602.5
639,6463.0
640,6444.0
641,6880.5
642,5734.0
643,5130.5
644,5850.5
645,5820.5
646,6084.5
647,6763.0
648,5829.0
649,5273.5
650,5892.5
651,6779.0
652,6108.0
653,3885.0
654,6179.5
655,1330.5
656,6221.0
657,6005.5
658,5684.0
659,6034.5
660,5160.5
661,5778.5
662,6611.0
663,5500.5
664,6699.0
665,2268.0
666,6408.5
667,6622.0
668,5400.5
669,6171.5
670,5609.5
671,6249.5
672,6455.5
673,5601.0
674,6020.5
675,6017.0
676,6129.5
677,5744.0
678,5595.5
679,5929.0
680,4640.5
681,4679.5
682,5673.5
683,5831.0
684,6589.5
685,6270.5
686,5734.5
687,5594.0
688,6331.0
689,6204.5
690,4070.5
691,5667.0
692,5736.5
693,5735.5
694,5763.5
695,6195.5
696,6817.0
697,5374.0
698,5714.0
699,6129.0
700,6344.0
701,6338.0
702,5648.0
703,5381.5
704,6139.5
705,5982.5
706,6185.5
707,5559.5
708,6013.0
709,5969.0
710,5959.0
711,5630.5
712,6235.0
713,5691.0
714,6215.0
715,6038.0
716,6013.5
717,5877.5
718,5957.0
719,6412.5
720,6286.0
721,6391.5
722,5832.5
723,5835.0
724,5939.5
725,6010.0
726,5764.0
727,6275.0
728,6130.5
729,6391.0
730,6010.5
731,6215.0
732,6106.5
733,281.5
734,5829.0
735,5987.5
736,6252.0
737,5658.0
738,5890.5
739,6015.5
740,5909.0
741,6193.0
742,6403.5
743,5628.5
744,6164.5
745,6283.0
746,6010.0
747,6041.0
748,6222.5
749,6313.0
750,6133.0
751,6289.5
752,6070.0
753,5515.5
754,6091.0
755,5838.0
756,6101.5
757,6116.5
758,6144.5
759,5854.5
760,5961.5
761,6222.0
762,6251.0
763,5652.0
764,6448.0
765,5741.5
766,5918.5
767,5635.0
768,5883.0
769,6119.0
770,5786.0
771,5870.0
772,5698.0
773,6289.5
774,5062.5
775,6088.0
776,5878.5
777,6013.5
778,6162.5
779,6615.5
780,6235.5
781,6263.0
782,6019.0
783,5993.0
784,6401.5
785,6166.0
786,6266.5
787,6295.0
788,6207.0
789,6011.0
790,5907.5
791,6070.5
792,5854.5
793,6005.0
794,6210.5
795,6273.5
796,6099.0
797,5707.5
798,6594.0
799,6286.0
