0,736.0
1,-44.0
2,868.5
3,65.5
4,194.5
5,794.5
6,1079.0
7,328.5
8,684.5
9,760.0
10,941.5
11,1473.5
12,1129.5
13,753.5
14,398.0
15,1643.0
16,816.5
17,38.5
18,509.5
19,2227.0
20,757.5
21,442.5
22,1447.0
23,1556.5
24,938.5
25,1815.5
26,1938.5
27,1084.5
28,1655.5
29,2495.0
30,2201.5
31,773.0
32,1152.0
33,2552.5
34,2973.0
35,1493.5
36,-870.0
37,669.5
38,705.0
39,3067.0
40,1610.5
41,1650.5
42,2342.5
43,1572.5
44,2903.0
45,2658.5
46,1812.5
47,2743.0
48,2103.0
49,-1599.0
50,1149.5
51,1442.0
52,3803.5
53,2287.0
54,4317.0
55,3269.5
56,2762.0
57,-3758.5
58,3443.0
59,1087.0
60,3487.5
61,-157.0
62,3183.5
63,1769.0
64,2516.5
65,4722.5
66,-1552.5
67,3910.0
68,3626.5
69,3205.0
70,3641.5
71,2977.5
72,1624.5
73,4819.0
74,1963.5
75,3456.0
76,-2332.5
77,-994.5
78,2890.0
79,1578.0
80,2876.0
81,3315.5
82,2098.0
83,-1076.5
84,1705.5
85,4541.5
86,93.5
87,-3254.0
88,586.5
89,3312.0
90,1678.5
91,1898.5
92,2076.5
93,787.0
94,3680.5
95,2979.5
96,1625.0
97,4026.0
98,5455.0
99,4942.0
100,3787.0
101,5454.5
102,4855.5
103,-2626.0
104,6250.5
105,2992.0
106,5143.0
107,988.0
108,3985.5
109,4704.0
110,323.5
111,3529.5
112,3853.0
113,2566.5
114,2978.5
115,5323.5
116,2643.5
117,4853.5
118,4619.0
119,4256.0
120,2986.0
121,4108.0
122,-3665.5
123,3404.5
124,-1568.5
125,1650.5
126,3288.5
127,3889.5
128,5112.5
129,-1463.5
130,3845.0
131,4888.5
132,3548.0
133,4102.0
134,5062.0
135,4873.0
136,3165.5
137,3030.5
138,3710.5
139,4293.0
140,3565.5
141,3340.0
142,4708.5
143,4953.5
144,4185.0
145,2544.5
146,4573.0
147,2349.5
148,1758.0
149,4945.5
150,1079.5
151,5394.5
152,435.0
153,-1957.0
154,282.0
155,4183.5
156,4893.0
157,5033.5
158,4750.5
159,4095.0
160,4876.5
161,4923.5
162,4252.5
163,5872.0
164,1170.0
165,2955.5
166,-894.5
167,5502.0
168,2914.0
169,5227.5
170,4243.5
171,4743.0
172,4100.0
173,-2564.0
174,4750.0
175,4145.5
176,-1485.0
177,5450.0
178,-8359.5
179,3385.0
180,934.5
181,-3217.0
182,6244.0
183,3030.5
184,42.0
185,-701.5
186,4154.5
187,4432.0
188,5060.0
189,4911.0
190,5845.0
191,6016.5
192,3836.5
193,1357.5
194,-4070.5
195,1976.0
196,3572.0
197,4416.5
198,3591.5
199,6120.0
200,2673.5
201,5547.5
202,4216.0
203,6221.5
204,-571.5
205,5001.0
206,2390.5
207,6639.0
208,3312.0
209,4748.0
210,3812.5
211,2468.5
212,6061.0
213,654.0
214,1411.5
215,-657.0
216,-191.5
217,6137.0
218,-6302.5
219,4758.0
220,5353.0
221,3481.5
222,395.0
223,5958.5
224,5912.0
225,4002.5
226,4431.0
227,627.0
228,6419.0
229,5839.0
230,4487.0
231,4547.0
232,953.0
233,3786.0
234,500.5
235,5658.0
236,-186.5
237,5611.0
238,5681.5
239,4783.0
240,5334.0
241,3336.5
242,2354.5
243,5566.0
244,5049.5
245,4873.0
246,4188.5
247,3962.0
248,5143.0
249,4671.5
250,4482.0
251,4965.0
252,4363.5
253,4277.5
254,4825.5
255,5662.0
256,5928.5
257,-495.5
258,5147.5
259,5379.0
260,3887.5
261,880.5
262,5571.5
263,5342.0
264,5014.5
265,2992.5
266,4420.0
267,2696.5
268,2822.0
269,5135.0
270,77.5
271,4286.0
272,-2893.5
273,4543.0
274,4540.5
275,3374.0
276,4387.5
277,5312.5
278,2978.0
279,3592.0
280,3666.0
281,5209.5
282,4314.5
283,5485.5
284,4676.5
285,-1427.0
286,4184.5
287,4730.5
288,3963.5
289,4312.0
290,5508.0
291,748.0
292,2175.0
293,1638.5
294,4998.0
295,3782.0
296,-817.5
297,-459.0
298,-3633.5
299,4607.0
300,798.0
301,4159.5
302,4404.0
303,4632.0
304,5275.0
305,4964.5
306,4325.5
307,4380.0
308,5978.5
309,4625.5
310,4951.0
311,4900.5
312,-1492.5
313,4593.5
314,4264.0
315,4192.0
316,1086.5
317,-793.5
318,3400.5
319,3836.5
320,5357.5
321,3607.0
322,5282.5
323,5004.5
324,3730.5
325,5938.5
326,5168.5
327,4662.5
328,3876.5
329,4045.5
330,4604.0
331,4914.0
332,4771.5
333,5663.0
334,5103.5
335,2653.0
336,5078.0
337,5139.5
338,5533.5
339,5766.5
340,6141.5
341,5609.0
342,4480.0
343,6423.0
344,2569.0
345,6965.5
346,5785.0
347,3568.0
348,3892.0
349,5266.5
350,6544.0
351,5952.0
352,5566.0
353,6565.5
354,4770.5
355,4524.0
356,5035.0
357,-720.5
358,3585.5
359,5017.0
360,-1797.5
361,6338.0
362,4628.5
363,-1568.0
364,1789.5
365,3843.0
366,6472.5
367,5598.0
368,3664.5
369,5674.0
370,3801.5
371,3943.5
372,2768.5
373,3685.5
374,3541.0
375,3274.5
376,5962.0
377,6326.5
378,5776.5
379,5056.5
380,5223.5
381,4679.5
382,6522.0
383,3074.5
384,4748.0
385,4031.5
386,2363.0
387,1458.0
388,-698.0
389,-1129.5
390,6693.5
391,6450.0
392,2644.5
393,4688.5
394,1132.5
395,-6720.0
396,6792.5
397,5005.5
398,5606.5
399,6014.5
400,5148.0
401,6196.5
402,6387.0
403,2919.5
404,7003.0
405,6242.0
406,5683.5
407,295.5
408,4767.0
409,2976.0
410,5699.0
411,6155.0
412,5322.5
413,5308.5
414,935.0
415,5872.0
416,-2172.5
417,4853.0
418,1127.0
419,2709.5
420,5063.0
421,5667.0
422,612.0
423,5839.5
424,6302.5
425,4951.0
426,5841.5
427,5384.5
428,6197.0
429,4242.5
430,3456.0
431,5760.5
432,6539.5
433,6192.0
434,3799.0
435,5173.0
436,5822.5
437,5522.5
438,5732.5
439,4708.5
440,6231.0
441,4844.0
442,6490.0
443,1726.0
444,6410.5
445,6370.5
446,5022.5
447,3870.0
448,6185.5
449,-428.5
450,5501.0
451,5078.5
452,5793.5
453,3619.5
454,6280.0
455,3141.5
456,6158.5
457,5501.5
458,5404.0
459,6053.5
460,4953.0
461,5319.5
462,3796.5
463,5911.5
464,4130.0
465,5792.5
466,6264.0
467,5535.0
468,1495.0
469,4737.0
470,5503.0
471,4012.5
472,-1.5
473,-5231.0
474,4277.0
475,-5976.0
476,4816.0
477,5987.5
478,-1341.0
479,5415.0
480,-2602.0
481,5931.0
482,6058.5
483,1114.5
484,4288.5
485,5846.5
486,4408.0
487,-8710.0
488,-350.5
489,5687.0
490,-586.5
491,-509.5
492,5866.5
493,5893.5
494,5357.5
495,5124.0
496,5013.0
497,5338.5
498,5431.5
499,4758.0
500,5884.5
501,6398.0
502,4937.5
503,3161.0
504,5744.0
505,5189.5
506,4712.5
507,4479.0
508,6163.5
509,5939.0
510,2962.0
511,3519.5
512,6176.0
513,5306.0
514,6470.5
515,1255.0
516,5546.0
517,2013.5
518,2482.0
519,4098.0
520,1416.0
521,5555.5
522,5227.5
523,5410.0
524,5437.0
525,5716.0
526,5407.5
527,5167.0
528,3074.5
529,5221.0
530,4968.5
531,5642.0
532,4828.0
533,6011.5
534,5522.0
535,5863.0
536,6015.0
537,4168.5
538,6177.0
539,4596.0
540,6670.5
541,6505.0
542,3604.0
543,5298.0
544,5819.0
545,4851.0
546,4497.0
547,5264.0
548,5598.0
549,4553.5
550,6195.0
551,6324.0
552,2485.5
553,6382.0
554,4791.5
555,3394.0
556,4989.5
557,5989.5
558,5063.0
559,6729.0
560,1366.0
561,3241.5
562,5256.0
563,6105.0
564,4965.0
565,4309.0
566,-4522.0
567,6076.0
568,6840.5
569,4212.0
570,5600.0
571,2213.5
572,1695.0
573,3817.5
574,5143.5
575,5291.0
576,3849.5
577,6652.5
578,6312.0
579,6238.0
580,2618.0
581,6306.0
582,5442.5
583,4850.5
584,6305.5
585,5678.5
586,4816.5
587,-1254.0
588,5451.0
589,-2145.0
590,5881.0
591,6945.5
592,5894.0
593,-1936.0
594,-915.5
595,-2312.5
596,5732.0
597,6668.5
598,-2266.0
599,-4579.5
600,1012.5
601,6252.0
602,5646.5
603,3340.0
604,6262.5
605,6463.5
606,5936.0
607,4754.5
608,5696.5
609,292.0
610,4439.0
611,6205.5
612,1627.0
613,4566.0
614,-9935.0
615,2911.0
616,403.0
617,4335.5
618,5021.0
619,2899.0
620,2856.5
621,4261.0
622,6716.5
623,6328.0
624,5978.0
625,5787.0
626,5306.5
627,3818.5
628,-16269.5
629,-13165.5
630,-10531.0
631,-4099.0
632,6926.5
633,6586.5
634,-4431.5
635,-5943.0
636,7247.0
637,6203.5
638,4838.0
639,6827.5
640,6097.0
641,6278.5
642,-5315.5
643,6511.5
644,2093.5
645,6680.0
646,5927.5
647,4885.0
648,6380.5
649,3281.5
650,6582.5
651,6294.0
652,5220.0
653,6726.5
654,6112.5
655,5676.5
656,454.5
657,3968.0
658,5414.0
659,5486.5
660,6576.5
661,6723.5
662,6271.0
663,5066.5
664,6564.5
665,5297.5
666,6044.5
667,5892.0
668,2774.0
669,6520.0
670,6539.5
671,5911.0
672,6527.0
673,6354.5
674,5762.0
675,6230.5
676,6780.0
677,6247.5
678,6534.0
679,6658.0
680,6334.0
681,6055.5
682,5564.0
683,1317.5
684,5979.5
685,6105.0
686,4346.0
687,6257.5
688,6026.0
689,5457.5
690,5929.0
691,6361.0
692,1436.5
693,-1260.0
694,-447.5
695,-223.0
696,5495.0
697,3987.0
698,6339.0
699,5638.0
700,6282.5
701,5861.5
702,5812.5
703,1450.0
704,691.0
705,-871.5
706,6345.0
707,5767.0
708,465.5
709,-671.0
710,-3473.0
711,-5336.5
712,5724.0
713,5437.0
714,5933.0
715,4936.5
716,6507.5
717,5557.0
718,5986.0
719,6134.0
720,-961.5
721,5982.0
722,6300.0
723,5996.5
724,6054.0
725,5995.5
726,5965.0
727,5853.5
728,5756.0
729,5913.0
730,5820.5
731,5262.5
732,5132.0
733,5912.5
734,5408.0
735,5978.0
736,5618.0
737,5924.0
738,5911.0
739,5796.0
740,5950.5
741,5877.5
742,5792.0
743,5797.5
744,5225.0
745,5286.5
746,5888.0
747,5793.5
748,5921.0
749,5707.5
750,-252.0
751,738.0
752,5478.0
753,-3986.0
754,5203.0
755,4028.0
756,3658.0
757,2463.5
758,-1507.5
759,5889.5
760,5791.0
761,2706.5
762,5771.5
763,5028.5
764,5214.0
765,5423.5
766,4874.5
767,4055.0
768,3212.0
769,2374.0
770,6063.5
771,3861.0
772,3951.0
773,5876.0
774,4738.0
775,2585.0
776,764.5
777,4005.5
778,2789.0
779,2698.0
780,3940.0
781,-27.0
782,-8164.5
783,4189.0
784,-9163.0
785,3017.0
786,-1686.5
787,-3387.0
788,-8928.0
789,-940.5
790,-5271.0
791,-15154.0
792,-4498.5
793,-309.5
794,-8742.5
795,-7272.0
796,578.5
797,-8650.5
798,4546.5
799,-3524.0
