0,26506.5
1,28248.0
2,26214.0
3,14178.0
4,28470.0
5,21771.0
6,15409.5
7,18061.5
8,31312.5
9,21471.0
10,31779.0
11,17326.5
12,25174.5
13,27568.5
14,25888.5
15,29316.0
16,27129.0
17,33400.5
18,23349.0
19,22426.5
20,42459.0
21,14695.5
22,24393.0
23,24819.0
24,-17572.5
25,37816.5
26,-2590.5
27,19893.0
28,26890.5
29,-2166.0
30,3999.0
31,28228.5
32,19921.5
33,16267.5
34,15573.0
35,-21778.5
36,33169.5
37,36027.0
38,18960.0
39,30828.0
40,36669.0
41,-41028.0
42,25819.5
43,18682.5
44,36840.0
45,32586.0
46,27792.0
47,33514.5
48,-7126.5
49,5416.5
50,484.5
51,-598.5
52,9586.5
53,6550.5
54,13714.5
55,-4807.5
56,39499.5
57,1575.0
58,36967.5
59,-17784.0
60,12187.5
61,21900.0
62,-15474.0
63,11796.0
64,25765.5
65,-23932.5
66,37872.0
67,31438.5
68,35716.5
69,-57928.5
70,-10462.5
71,12652.5
72,16509.0
73,-11358.0
74,11476.5
75,35850.0
76,-88051.5
77,17700.0
78,-2530.5
79,-11107.5
80,21918.0
81,-31864.5
82,-3009.0
83,23775.0
84,27642.0
85,6181.5
86,-53092.5
87,-42292.5
88,-28092.0
89,-22660.5
90,23490.0
91,24766.5
92,-9274.5
93,-13951.5
94,-9892.5
95,41920.5
96,2605.5
97,-6166.5
98,-25480.5
99,19443.0
100,937.5
101,-13239.0
102,24735.0
103,-45286.5
104,-7366.5
105,14605.5
106,-49732.5
107,11266.5
108,27192.0
109,-3316.5
110,-3588.0
111,-34965.0
112,10461.0
113,3405.0
114,9841.5
115,-61438.5
116,35206.5
117,-210.0
118,17061.0
119,25806.0
120,38493.0
121,-34074.0
122,16828.5
123,19942.5
124,-11025.0
125,-25371.0
126,-30672.0
127,28320.0
128,44811.0
129,-8502.0
130,-9849.0
131,-41947.5
132,-18973.5
133,-9175.5
134,-16662.0
135,-10348.5
136,-9331.5
137,-16092.0
138,4357.5
139,-116040.0
140,-23784.0
141,-67440.0
142,-12156.0
143,-56167.5
144,-32952.0
145,-86268.0
146,-71478.0
147,-120585.0
148,5934.0
149,-82290.0
150,-3318.0
151,15109.5
152,29308.5
153,-32011.5
154,-9375.0
155,-47769.0
156,-59331.0
157,19561.5
158,7947.0
159,-37725.0
160,5310.0
161,-5290.5
162,32647.5
163,20089.5
164,-18067.5
165,-17571.0
166,41764.5
167,-51795.0
168,39436.5
169,4999.5
170,-10320.0
171,19051.5
172,-25200.0
173,-14026.5
174,8649.0
175,-133.5
176,-14320.5
177,-16.5
178,-22605.0
179,-7065.0
180,38941.5
181,-6775.5
182,1017.0
183,35883.0
184,30354.0
185,37909.5
186,-29286.0
187,-14425.5
188,-30894.0
189,-6547.5
190,27601.5
191,-7200.0
192,41052.0
193,14109.0
194,1957.5
195,-14628.0
196,21321.0
197,2325.0
198,27618.0
199,21484.5
200,36631.5
201,26283.0
202,-48129.0
203,6589.5
204,3751.5
205,19804.5
206,28849.5
207,43414.5
208,39723.0
209,34302.0
210,22722.0
211,-46419.0
212,33898.5
213,19113.0
214,20064.0
215,25848.0
216,24193.5
217,14184.0
218,38004.0
219,20212.5
220,37042.5
221,22024.5
222,39799.5
223,301.5
224,35554.5
225,38535.0
226,11044.5
227,5376.0
228,-22513.5
229,-38479.5
230,32820.0
231,24528.0
232,29881.5
233,-29040.0
234,6232.5
235,-18649.5
236,21546.0
237,-21948.0
238,41529.0
239,-24157.5
240,-9294.0
241,22492.5
242,-10558.5
243,10983.0
244,-20778.0
245,939.0
246,-47329.5
247,-11070.0
248,3131.5
249,18450.0
250,-6168.0
251,23901.0
252,14446.5
253,28797.0
254,-43305.0
255,37530.0
256,29118.0
257,17439.0
258,21879.0
259,34297.5
260,33447.0
261,43080.0
262,-38970.0
263,15624.5
264,-18511.5
265,26251.5
266,-46542.0
267,47140.5
268,33265.5
269,23061.0
270,32014.5
271,-10431.0
272,-45154.5
273,12700.5
274,30711.0
275,6030.0
276,-21060.0
277,-3765.0
278,14316.0
279,-14709.0
280,15537.0
281,-4096.5
282,40425.0
283,-813.0
284,30331.5
285,-15351.0
286,-11109.0
287,-8040.0
288,27760.5
289,6363.0
290,-30093.0
291,-32704.5
292,-71904.0
293,14943.0
294,-25902.0
295,-34779.0
296,-19609.5
297,27523.5
298,34459.5
299,-18306.0
300,-4686.0
301,-12612.0
302,-11068.5
303,35358.0
304,53677.5
305,4644.0
306,41010.0
307,2173.5
308,-32362.5
309,32775.0
310,30733.5
311,45727.5
312,5614.5
313,32074.5
314,10395.0
315,40641.0
316,24174.0
317,59236.5
318,-31384.5
319,-39036.0
320,-2532.0
321,25509.0
322,8232.0
323,34314.0
324,24907.5
325,36123.0
326,-8158.5
327,-20200.5
328,16072.5
329,-13860.0
330,30213.0
331,7843.5
332,36025.5
333,31833.0
334,3526.5
335,-8130.0
336,-32061.0
337,4686.0
338,-20616.0
339,1059.0
340,24073.5
341,-16551.0
342,-19939.5
343,-46056.0
344,8793.0
345,-12118.5
346,23283.0
347,-11463.0
348,-7597.5
349,-13869.0
350,5482.5
351,10863.0
352,-12783.0
353,33849.0
354,-50850.0
355,21441.0
356,-37014.0
357,-33859.5
358,35448.0
359,11202.0
360,-25344.0
361,-29752.5
362,-4512.0
363,37398.0
364,28843.5
365,-6618.0
366,2779.5
367,-2506.5
368,19789.5
369,11254.5
370,21946.5
371,-14914.5
372,-14146.5
373,24912.0
374,4090.5
375,3157.5
376,48880.5
377,-21852.0
378,2026.5
379,11023.5
380,4140.0
381,-37669.5
382,-9328.5
383,-30141.5
384,27027.0
385,-33125.5
386,37515.0
387,14736.0
388,5158.5
389,-25527.0
390,-15316.5
391,15039.0
392,-25008.0
393,-8643.0
394,-17387.0
395,46116.0
396,-81.0
397,3024.0
398,-19939.5
399,6961.5
400,13645.5
401,5104.5
402,21045.5
403,-34644.0
404,-21560.0
405,-83658.0
406,11430.5
407,27366.0
408,-10768.5
409,-18553.5
410,-20569.5
411,-17352.0
412,5919.0
413,-25567.5
414,-26694.0
415,-59310.0
416,-68283.0
417,-46792.5
418,-29380.5
419,16006.5
420,-38191.5
421,-18108.0
422,-1333.5
423,-64500.0
424,-10069.5
425,-12342.0
426,-9316.5
427,7978.5
428,2080.5
429,-7305.0
430,25587.0
431,-5119.5
432,31056.0
433,22752.0
434,-68579.0
435,-28087.5
436,22596.0
437,814.5
438,-11233.5
439,-56135.5
440,20800.5
441,-25725.5
442,11013.0
443,-22594.5
444,-53037.0
445,-24499.5
446,34516.5
447,-4441.5
448,34849.5
449,44833.5
450,14112.0
451,19860.5
452,-7200.0
453,2515.5
454,47709.0
455,27990.0
456,42630.0
457,-18726.0
458,29832.0
459,34558.5
460,25906.5
461,9868.5
462,26232.0
463,5710.5
464,21189.0
465,19665.0
466,23868.0
467,17647.5
468,-27741.0
469,27649.5
470,7534.5
471,19782.0
472,40953.0
473,35865.0
474,-4974.0
475,13786.5
476,-54741.0
477,51658.5
478,1983.0
479,2266.5
480,23746.5
481,1036.5
482,450.0
483,41470.5
484,15456.0
485,25174.5
486,30529.5
487,16638.0
488,21639.0
489,3459.0
490,-15195.0
491,-8451.0
492,-11277.0
493,-16063.5
494,-22828.5
495,29142.0
496,12787.5
497,-20614.5
498,-7429.5
499,-25018.5
500,18294.0
501,-29632.5
502,-39727.5
503,357.0
504,18324.0
505,14305.5
506,-29029.5
507,-6372.0
508,1692.0
509,-6270.0
510,649.5
511,646.5
512,-5668.5
513,4143.0
514,10747.5
515,-7944.0
516,35745.0
517,14098.5
518,-6166.5
519,10068.0
520,-51820.5
521,-13392.0
522,-4599.0
523,-54403.5
524,-1462.5
525,-16257.0
526,-1825.5
527,-8098.5
528,-13578.0
529,-28602.0
530,-3618.0
531,-3820.5
532,6078.0
533,11830.5
534,-721.5
535,-3432.0
536,6379.5
537,-1255.5
538,3217.5
539,-1281.0
540,7390.5
541,-3295.5
542,-439.5
543,-3514.5
544,-1813.5
545,-5872.5
546,-3648.0
547,-3240.0
548,-7524.0
549,-2604.0
550,-16333.5
551,-5517.0
552,-11469.0
553,-71731.5
554,1347.0
555,12108.0
556,48363.0
557,4066.5
558,-39402.0
559,-51370.5
560,10971.0
561,5676.0
562,2196.0
563,6325.5
564,1284.0
565,-1378.5
566,-7171.5
567,681.0
568,-25786.5
569,10111.5
570,-11154.0
571,-16561.5
572,-22525.5
573,-10101.0
574,-12772.5
575,-16356.0
576,-15802.5
577,-33391.5
578,-15163.5
579,-21726.0
580,-18118.5
581,-21075.0
582,-13530.0
583,-17730.0
584,-19660.5
585,-24735.0
586,-91458.5
587,-42190.5
588,-22674.0
589,-22036.5
590,-26856.0
591,-1158.0
592,-5677.5
593,-44704.5
594,-22987.5
595,-30091.5
596,-45664.5
597,-16621.5
598,-30913.5
599,-27894.0
600,34785.0
601,-15002.0
602,-74587.5
603,-98884.0
604,-67551.0
605,-55422.0
606,-39658.5
607,-41208.0
608,-41295.0
609,-57645.0
610,-82921.5
611,-11337.0
612,-23656.5
613,-72603.0
614,-70732.5
615,2827.5
616,-11440.5
617,3745.5
618,16432.5
619,-23272.5
620,-45417.0
621,-23976.0
622,-16629.0
623,-27111.0
624,-20809.5
625,18556.5
626,-32713.5
627,-7272.0
628,11320.5
629,-3372.0
630,5338.5
631,-23439.0
632,-33739.5
633,6531.0
634,12718.5
635,550.5
636,3849.0
637,49620.0
638,21691.5
639,-37845.0
640,37663.5
641,7062.0
642,52393.5
643,53101.5
644,55243.5
645,45583.5
646,44220.0
647,43839.0
648,37053.0
649,10699.5
650,48060.0
651,37224.0
652,37569.0
653,36619.5
654,31446.0
655,31323.0
656,30873.0
657,26713.5
658,29346.0
659,35080.5
660,25246.5
661,35529.0
662,35493.0
663,35946.0
664,31071.0
665,40044.0
666,36754.5
667,30132.0
668,30708.0
669,24594.0
670,31134.0
671,39727.5
672,23866.5
673,26664.0
674,21256.5
675,18816.0
676,23398.5
677,24726.0
678,28167.0
679,34333.5
680,32899.5
681,26890.5
682,31465.5
683,32644.5
684,27177.0
685,-5947.5
686,48172.5
687,31528.5
688,41812.5
689,-22248.0
690,40516.5
691,33157.5
692,8130.0
693,47410.5
694,55915.5
695,-1762.5
696,46675.5
697,37597.5
698,-32773.5
699,13735.5
700,-64087.5
701,-43591.5
702,39982.5
703,41539.5
704,45084.0
705,44155.5
706,36220.5
707,-57066.0
708,27265.5
709,2397.0
710,43864.5
711,-38472.0
712,42877.5
713,34368.0
714,50841.0
715,16221.0
716,-9327.0
717,-20037.0
718,20443.5
719,984.0
720,51360.0
721,37389.0
722,38023.5
723,30961.5
724,-26823.0
725,49939.5
726,-7449.0
727,38716.5
728,41746.5
729,-78799.5
730,-7842.0
731,-34650.0
732,-54111.0
733,-56061.0
734,-41793.0
735,-97744.5
736,-69792.0
737,244.5
738,-58101.0
739,-82560.0
740,-67305.0
741,-119524.5
742,-45946.5
743,-100765.5
744,-65980.5
745,-72597.0
746,-78201.0
747,-77653.5
748,-68598.0
749,-40081.5
750,-51913.5
751,-13039.5
752,-13611.0
753,-17407.5
754,-2407.5
755,-82033.5
756,-116589.0
757,-20094.0
758,-3364.5
759,-99261.0
760,-34849.5
761,-56205.0
762,-58653.0
763,-54322.5
764,-37114.5
765,-37701.0
766,-63201.0
767,-73447.5
768,-81249.0
769,-94836.0
770,-77860.5
771,-46048.5
772,-34024.5
773,-24912.0
774,-30085.5
775,-26283.0
776,-79756.5
777,-28623.0
778,-36889.5
779,-23104.5
780,-67792.5
781,-24964.5
782,-17530.5
783,-25488.0
784,-17887.5
785,-7120.5
786,-25539.0
787,-35788.5
788,-26332.5
789,-39789.0
790,-25558.5
791,-36669.0
792,-9345.0
793,-27607.5
794,-20655.0
795,-8328.0
796,-28824.0
797,-47121.0
798,-65490.0
799,-8674.5
